SIREN,Famille ID,Brevet,Date de Dépôt,Année de Dépôt,2016,2017,2018,2019,2020,2021,2022,2023,2024
971 509 070,42732220,JP2017101239A,08/12/2016,2016,1,0,0,0,0,0,0,0,0
971 509 070,42732220,JP6357522B2,08/12/2016,2016,1,0,0,0,0,0,0,0,0
971 509 070,44022851,US2017027846A1,12/10/2016,2016,1,0,0,0,0,0,0,0,0
971 509 070,44022851,US11065191B2,12/10/2016,2016,1,0,0,0,0,0,0,0,0
964 200 497,44065453,US2019119162A1,21/12/2018,2018,0,0,1,0,0,0,0,0,0
964 200 497,44509923,US2018354851A1,21/08/2018,2018,0,0,1,0,0,0,0,0,0
964 200 497,44509923,US10822272B2,21/08/2018,2018,0,0,1,0,0,0,0,0,0
986 120 186,46420427,US2019194424A1,17/09/2018,2018,0,0,1,0,0,0,0,0,0
986 120 186,46420427,US2017121500A1,21/09/2016,2016,1,0,0,0,0,0,0,0,0
986 120 186,46420427,US10087308B2,21/09/2016,2016,1,0,0,0,0,0,0,0,0
967 505 967,47714326,US10054214B2,24/11/2017,2017,0,1,0,0,0,0,0,0,0
967 505 967,47714326,US2018073624A1,24/11/2017,2017,0,1,0,0,0,0,0,0,0
964 200 497,48521064,US2018179143A1,23/02/2018,2018,0,0,1,0,0,0,0,0,0
964 200 497,48521064,US10071952B2,23/02/2018,2018,0,0,1,0,0,0,0,0,0
971 509 070,50137826,CL2016001199A1,19/05/2016,2016,1,0,0,0,0,0,0,0,0
971 509 070,50137826,HRP20201350T1,27/08/2020,2020,0,0,0,0,1,0,0,0,0
971 509 070,50728130,US2017182456A1,23/02/2017,2017,0,1,0,0,0,0,0,0,0
971 509 070,50728130,US10456742B2,23/02/2017,2017,0,1,0,0,0,0,0,0,0
967 505 967,51726647,JP6808080B2,06/02/2020,2020,0,0,0,0,1,0,0,0,0
967 505 967,53059246,EP3050776A1,28/01/2016,2016,1,0,0,0,0,0,0,0,0
971 509 070,53177640,EP3271305A1,15/03/2016,2016,1,0,0,0,0,0,0,0,0
971 509 070,53177640,MX2017011139A,15/03/2016,2016,1,0,0,0,0,0,0,0,0
971 509 070,53177640,WO2016146935A1,15/03/2016,2016,1,0,0,0,0,0,0,0,0
971 509 070,53177641,CA2975948A1,15/03/2016,2016,1,0,0,0,0,0,0,0,0
971 509 070,53177641,WO2016146933A1,15/03/2016,2016,1,0,0,0,0,0,0,0,0
971 509 070,53177641,KR20170129690A,15/03/2016,2016,1,0,0,0,0,0,0,0,0
971 509 070,53177641,EP3271306A1,15/03/2016,2016,1,0,0,0,0,0,0,0,0
971 509 070,53177641,MX2017011453A,15/03/2016,2016,1,0,0,0,0,0,0,0,0
971 509 070,53177641,BR112017015297A2,15/03/2016,2016,1,0,0,0,0,0,0,0,0
971 509 070,53274577,WO2016135421A1,24/02/2016,2016,1,0,0,0,0,0,0,0,0
971 509 070,53274577,US2018273395A1,24/02/2016,2016,1,0,0,0,0,0,0,0,0
971 509 070,53274577,BR112017015036A2,24/02/2016,2016,1,0,0,0,0,0,0,0,0
971 509 070,53274577,EP3261993A1,24/02/2016,2016,1,0,0,0,0,0,0,0,0
967 505 967,53274685,US2018072342A1,06/04/2016,2016,1,0,0,0,0,0,0,0,0
967 505 967,53274685,BR112017021023A2,06/04/2016,2016,1,0,0,0,0,0,0,0,0
967 505 967,53274685,EP3280563A1,06/04/2016,2016,1,0,0,0,0,0,0,0,0
967 505 967,53274685,US10589776B2,06/04/2016,2016,1,0,0,0,0,0,0,0,0
967 505 967,53274685,JP6781164B2,06/04/2016,2016,1,0,0,0,0,0,0,0,0
967 505 967,53274685,WO2016162633A1,06/04/2016,2016,1,0,0,0,0,0,0,0,0
971 509 070,53483928,ES2834629T3,17/02/2016,2016,1,0,0,0,0,0,0,0,0
971 509 070,53483928,PL3259054T3,17/02/2016,2016,1,0,0,0,0,0,0,0,0
971 509 070,53483928,US2017368524A1,17/02/2016,2016,1,0,0,0,0,0,0,0,0
971 509 070,53483928,EP3259054A1,17/02/2016,2016,1,0,0,0,0,0,0,0,0
971 509 070,53483928,CA2972590A1,17/02/2016,2016,1,0,0,0,0,0,0,0,0
971 509 070,53483928,WO2016132027A1,17/02/2016,2016,1,0,0,0,0,0,0,0,0
971 509 070,53483928,CL2017002023A1,08/08/2017,2017,0,1,0,0,0,0,0,0,0
971 509 070,53483928,BR112017012560A2,17/02/2016,2016,1,0,0,0,0,0,0,0,0
971 509 070,53483928,BR112017012560B1,17/02/2016,2016,1,0,0,0,0,0,0,0,0
971 509 070,53483928,PT3259054T,17/02/2016,2016,1,0,0,0,0,0,0,0,0
971 509 070,53483928,EP3259054B1,17/02/2016,2016,1,0,0,0,0,0,0,0,0
971 509 070,53483928,TN2017000230A1,17/02/2016,2016,1,0,0,0,0,0,0,0,0
950 020 180,53524893,EP3097898A1,18/04/2016,2016,1,0,0,0,0,0,0,0,0
950 020 180,53524893,DK3097898T3,18/04/2016,2016,1,0,0,0,0,0,0,0,0
950 020 180,53524893,PL3097898T3,18/04/2016,2016,1,0,0,0,0,0,0,0,0
950 020 180,53524893,ES2672935T3,18/04/2016,2016,1,0,0,0,0,0,0,0,0
950 020 180,53524893,EP3097898B1,18/04/2016,2016,1,0,0,0,0,0,0,0,0
971 509 070,53776807,MX2017014800A,30/05/2016,2016,1,0,0,0,0,0,0,0,0
971 509 070,53776807,WO2016193604A1,30/05/2016,2016,1,0,0,0,0,0,0,0,0
971 509 070,53776807,EP3303690B1,30/05/2016,2016,1,0,0,0,0,0,0,0,0
971 509 070,53776807,CN107624138B,30/05/2016,2016,1,0,0,0,0,0,0,0,0
971 509 070,53776807,KR20180012775A,30/05/2016,2016,1,0,0,0,0,0,0,0,0
971 509 070,53776807,EP3303690A1,30/05/2016,2016,1,0,0,0,0,0,0,0,0
971 509 070,53776807,BR112017020551A2,30/05/2016,2016,1,0,0,0,0,0,0,0,0
971 509 070,53776807,US2018105983A1,30/05/2016,2016,1,0,0,0,0,0,0,0,0
971 509 070,53776807,ZA201707372B,30/10/2017,2017,0,1,0,0,0,0,0,0,0
971 509 070,53776807,ES2748781T3,30/05/2016,2016,1,0,0,0,0,0,0,0,0
971 509 070,53776807,CA2984717A1,30/05/2016,2016,1,0,0,0,0,0,0,0,0
971 509 070,53776807,US10550515B2,30/05/2016,2016,1,0,0,0,0,0,0,0,0
967 505 967,53794351,EP3292322B1,14/04/2016,2016,1,0,0,0,0,0,0,0,0
967 505 967,53794351,PL3292322T3,14/04/2016,2016,1,0,0,0,0,0,0,0,0
967 505 967,53794351,BR112017023021A2,14/04/2016,2016,1,0,0,0,0,0,0,0,0
967 505 967,53794351,JP6768000B2,14/04/2016,2016,1,0,0,0,0,0,0,0,0
967 505 967,53794351,EP3292322A1,14/04/2016,2016,1,0,0,0,0,0,0,0,0
967 505 967,53794351,US2018094715A1,14/04/2016,2016,1,0,0,0,0,0,0,0,0
967 505 967,53794351,US10641378B2,14/04/2016,2016,1,0,0,0,0,0,0,0,0
967 505 967,53794351,WO2016177947A1,14/04/2016,2016,1,0,0,0,0,0,0,0,0
971 509 070,53801082,BR112017025682A2,23/06/2016,2016,1,0,0,0,0,0,0,0,0
971 509 070,53801082,CA2990174A1,23/06/2016,2016,1,0,0,0,0,0,0,0,0
971 509 070,53801082,EP3313907A1,23/06/2016,2016,1,0,0,0,0,0,0,0,0
971 509 070,53801082,US10465028B2,23/06/2016,2016,1,0,0,0,0,0,0,0,0
971 509 070,53801082,KR20180021081A,23/06/2016,2016,1,0,0,0,0,0,0,0,0
971 509 070,53801082,WO2016207554A1,23/06/2016,2016,1,0,0,0,0,0,0,0,0
971 509 070,53801082,ZA201708122B,29/11/2017,2017,0,1,0,0,0,0,0,0,0
971 509 070,53801082,US2019010267A1,23/06/2016,2016,1,0,0,0,0,0,0,0,0
971 509 070,53801082,RU2719452C2,23/06/2016,2016,1,0,0,0,0,0,0,0,0
964 200 497,54207562,CA2994197A1,28/07/2016,2016,1,0,0,0,0,0,0,0,0
964 200 497,54207562,EP3328815A1,28/07/2016,2016,1,0,0,0,0,0,0,0,0
964 200 497,54207562,WO2017021284A1,28/07/2016,2016,1,0,0,0,0,0,0,0,0
964 200 497,54207562,US2018215673A1,28/07/2016,2016,1,0,0,0,0,0,0,0,0
967 505 967,54260874,WO2016198779A1,07/06/2016,2016,1,0,0,0,0,0,0,0,0
967 505 967,54260874,BR112017026456A2,07/06/2016,2016,1,0,0,0,0,0,0,0,0
967 505 967,54260874,JP6768714B2,07/06/2016,2016,1,0,0,0,0,0,0,0,0
967 505 967,54260874,US2018304917A1,07/06/2016,2016,1,0,0,0,0,0,0,0,0
967 505 967,54260874,PL3303097T3,07/06/2016,2016,1,0,0,0,0,0,0,0,0
967 505 967,54260874,EP3303097B1,07/06/2016,2016,1,0,0,0,0,0,0,0,0
967 505 967,54260874,EP3303097A1,07/06/2016,2016,1,0,0,0,0,0,0,0,0
967 505 967,54260874,US10479400B2,07/06/2016,2016,1,0,0,0,0,0,0,0,0
967 505 967,54291426,EP3310640A1,17/06/2016,2016,1,0,0,0,0,0,0,0,0
967 505 967,54291426,US2018134309A1,17/06/2016,2016,1,0,0,0,0,0,0,0,0
967 505 967,54291426,JP6768003B2,17/06/2016,2016,1,0,0,0,0,0,0,0,0
967 505 967,54291426,EP3310640B1,17/06/2016,2016,1,0,0,0,0,0,0,0,0
967 505 967,54291426,US10889319B2,17/06/2016,2016,1,0,0,0,0,0,0,0,0
967 505 967,54291426,WO2016203171A1,17/06/2016,2016,1,0,0,0,0,0,0,0,0
967 505 967,54291426,BR112017025889A2,17/06/2016,2016,1,0,0,0,0,0,0,0,0
971 509 070,54291463,US2018170765A1,30/06/2016,2016,1,0,0,0,0,0,0,0,0
971 509 070,54291463,BR112017025674A2,30/06/2016,2016,1,0,0,0,0,0,0,0,0
971 509 070,54291463,EP3325409A1,30/06/2016,2016,1,0,0,0,0,0,0,0,0
971 509 070,54291463,EP3325409B1,30/06/2016,2016,1,0,0,0,0,0,0,0,0
971 509 070,54291463,WO2017013323A1,30/06/2016,2016,1,0,0,0,0,0,0,0,0
971 509 070,54291463,CN107787304B,30/06/2016,2016,1,0,0,0,0,0,0,0,0
971 509 070,54291463,IL256473A,21/12/2017,2017,0,1,0,0,0,0,0,0,0
967 505 967,54329769,EP3328713A1,29/07/2016,2016,1,0,0,0,0,0,0,0,0
967 505 967,54329769,EP3328713B1,29/07/2016,2016,1,0,0,0,0,0,0,0,0
967 505 967,54329769,JP6734921B2,29/07/2016,2016,1,0,0,0,0,0,0,0,0
967 505 967,54329769,BR112018001798A2,29/07/2016,2016,1,0,0,0,0,0,0,0,0
967 505 967,54329769,PL3328713T3,29/07/2016,2016,1,0,0,0,0,0,0,0,0
967 505 967,54329769,US10759468B2,29/07/2016,2016,1,0,0,0,0,0,0,0,0
967 505 967,54329769,WO2017021637A1,29/07/2016,2016,1,0,0,0,0,0,0,0,0
967 505 967,54329769,US2018229760A1,29/07/2016,2016,1,0,0,0,0,0,0,0,0
971 509 070,54329774,WO2017021656A1,03/08/2016,2016,1,0,0,0,0,0,0,0,0
971 509 070,54329774,ES2751643T3,03/08/2016,2016,1,0,0,0,0,0,0,0,0
971 509 070,54329774,US2018215856A1,03/08/2016,2016,1,0,0,0,0,0,0,0,0
971 509 070,54329774,EP3331932B1,03/08/2016,2016,1,0,0,0,0,0,0,0,0
971 509 070,54329774,PH12018500095B1,10/01/2018,2018,0,0,1,0,0,0,0,0,0
971 509 070,54329774,PH12018500095A1,10/01/2018,2018,0,0,1,0,0,0,0,0,0
971 509 070,54329774,US2021309788A1,17/06/2021,2021,0,0,0,0,0,1,0,0,0
971 509 070,54329774,ZA201800504B,24/01/2018,2018,0,0,1,0,0,0,0,0,0
971 509 070,54329774,EP3331932A1,03/08/2016,2016,1,0,0,0,0,0,0,0,0
971 509 070,54329774,CA2994622A1,03/08/2016,2016,1,0,0,0,0,0,0,0,0
971 509 070,54329774,US11066505B2,03/08/2016,2016,1,0,0,0,0,0,0,0,0
971 509 070,54329774,PL3331932T3,03/08/2016,2016,1,0,0,0,0,0,0,0,0
971 509 070,54329774,MX2018001309A,03/08/2016,2016,1,0,0,0,0,0,0,0,0
967 505 967,54356532,WO2017021638A1,29/07/2016,2016,1,0,0,0,0,0,0,0,0
967 505 967,54356532,EP3328710B1,29/07/2016,2016,1,0,0,0,0,0,0,0,0
967 505 967,54356532,US10589773B2,29/07/2016,2016,1,0,0,0,0,0,0,0,0
967 505 967,54356532,PL3328710T3,29/07/2016,2016,1,0,0,0,0,0,0,0,0
967 505 967,54356532,US2018201297A1,29/07/2016,2016,1,0,0,0,0,0,0,0,0
967 505 967,54356532,BR112018001796A2,29/07/2016,2016,1,0,0,0,0,0,0,0,0
967 505 967,54356532,JP6779276B2,29/07/2016,2016,1,0,0,0,0,0,0,0,0
967 505 967,54356532,EP3328710A1,29/07/2016,2016,1,0,0,0,0,0,0,0,0
967 505 967,54356533,PL3328712T3,29/07/2016,2016,1,0,0,0,0,0,0,0,0
967 505 967,54356533,JP6821652B2,29/07/2016,2016,1,0,0,0,0,0,0,0,0
967 505 967,54356533,US10668942B2,29/07/2016,2016,1,0,0,0,0,0,0,0,0
967 505 967,54356533,EP3328712A1,29/07/2016,2016,1,0,0,0,0,0,0,0,0
967 505 967,54356533,BR112018001799A2,29/07/2016,2016,1,0,0,0,0,0,0,0,0
967 505 967,54356533,EP3328712B1,29/07/2016,2016,1,0,0,0,0,0,0,0,0
967 505 967,54356533,WO2017021636A1,29/07/2016,2016,1,0,0,0,0,0,0,0,0
967 505 967,54356533,US2018208234A1,29/07/2016,2016,1,0,0,0,0,0,0,0,0
967 505 967,54478843,EP3350483A1,13/09/2016,2016,1,0,0,0,0,0,0,0,0
967 505 967,54478843,WO2017046508A1,13/09/2016,2016,1,0,0,0,0,0,0,0,0
967 505 967,54478843,US10895319B2,13/09/2016,2016,1,0,0,0,0,0,0,0,0
967 505 967,54478843,JP6779282B2,13/09/2016,2016,1,0,0,0,0,0,0,0,0
967 505 967,54478843,EP3350483B1,13/09/2016,2016,1,0,0,0,0,0,0,0,0
967 505 967,54478843,US2018259061A1,13/09/2016,2016,1,0,0,0,0,0,0,0,0
971 509 070,54478898,EP3356428A1,30/09/2016,2016,1,0,0,0,0,0,0,0,0
971 509 070,54478898,CN108137741A,30/09/2016,2016,1,0,0,0,0,0,0,0,0
971 509 070,54478898,WO2017055767A1,30/09/2016,2016,1,0,0,0,0,0,0,0,0
971 509 070,54478898,BR112018004459A2,30/09/2016,2016,1,0,0,0,0,0,0,0,0
971 509 070,54478898,US2018346625A1,30/09/2016,2016,1,0,0,0,0,0,0,0,0
971 509 070,54478899,US2018244829A1,29/09/2016,2016,1,0,0,0,0,0,0,0,0
971 509 070,54478899,PH12018500250A1,01/02/2018,2018,0,0,1,0,0,0,0,0,0
971 509 070,54478899,BR112018002090B1,29/09/2016,2016,1,0,0,0,0,0,0,0,0
971 509 070,54478899,WO2017060586A1,29/09/2016,2016,1,0,0,0,0,0,0,0,0
971 509 070,54478899,MY191178A,29/09/2016,2016,1,0,0,0,0,0,0,0,0
971 509 070,54478899,CN108026234B,29/09/2016,2016,1,0,0,0,0,0,0,0,0
971 509 070,54478899,EP3359584A1,29/09/2016,2016,1,0,0,0,0,0,0,0,0
971 509 070,54478899,EP3359584B1,29/09/2016,2016,1,0,0,0,0,0,0,0,0
971 509 070,54478899,KR20180064458A,29/09/2016,2016,1,0,0,0,0,0,0,0,0
971 509 070,54478899,PL3359584T3,29/09/2016,2016,1,0,0,0,0,0,0,0,0
971 509 070,54478899,BR112018002090A2,29/09/2016,2016,1,0,0,0,0,0,0,0,0
967 505 967,54608799,EP3349958B1,16/09/2016,2016,1,0,0,0,0,0,0,0,0
967 505 967,54608799,WO2017046541A1,16/09/2016,2016,1,0,0,0,0,0,0,0,0
967 505 967,54608799,EP3349958A1,16/09/2016,2016,1,0,0,0,0,0,0,0,0
967 505 967,54608799,US11124221B2,16/09/2016,2016,1,0,0,0,0,0,0,0,0
967 505 967,54608799,US2018273083A1,16/09/2016,2016,1,0,0,0,0,0,0,0,0
967 505 967,54608799,JP7014711B2,16/09/2016,2016,1,0,0,0,0,0,0,0,0
964 200 497,54979757,WO2017055531A1,30/09/2016,2016,1,0,0,0,0,0,0,0,0
964 200 497,54979757,US2018346806A1,30/09/2016,2016,1,0,0,0,0,0,0,0,0
964 200 497,54979757,EP3356494A1,30/09/2016,2016,1,0,0,0,0,0,0,0,0
971 509 070,55022575,US2018282172A1,13/10/2016,2016,1,0,0,0,0,0,0,0,0
971 509 070,55022575,WO2017064425A1,13/10/2016,2016,1,0,0,0,0,0,0,0,0
971 509 070,55022575,IL258068A,13/03/2018,2018,0,0,1,0,0,0,0,0,0
971 509 070,55022575,EP3362411A1,13/10/2016,2016,1,0,0,0,0,0,0,0,0
971 509 070,55022575,BR112018005562A2,13/10/2016,2016,1,0,0,0,0,0,0,0,0
964 200 497,55486794,WO2017093052A1,18/11/2016,2016,1,0,0,0,0,0,0,0,0
964 200 497,55486794,US2020308479A1,18/11/2016,2016,1,0,0,0,0,0,0,0,0
964 200 497,55486794,EP3384099A1,18/11/2016,2016,1,0,0,0,0,0,0,0,0
967 505 967,55759817,JP6774496B2,25/01/2017,2017,0,1,0,0,0,0,0,0,0
967 505 967,55759817,WO2017137678A1,25/01/2017,2017,0,1,0,0,0,0,0,0,0
967 505 967,55759817,BR112018016325A2,25/01/2017,2017,0,1,0,0,0,0,0,0,0
967 505 967,55759817,FR3047560B1,10/02/2016,2016,1,0,0,0,0,0,0,0,0
967 505 967,55759817,FR3047560A1,10/02/2016,2016,1,0,0,0,0,0,0,0,0
967 505 967,55759817,US2019064016A1,25/01/2017,2017,0,1,0,0,0,0,0,0,0
967 505 967,55759817,US10634568B2,25/01/2017,2017,0,1,0,0,0,0,0,0,0
967 505 967,56008766,BR112018069413A2,23/03/2017,2017,0,1,0,0,0,0,0,0,0
967 505 967,56008766,WO2017162987A1,23/03/2017,2017,0,1,0,0,0,0,0,0,0
967 505 967,56008766,US2019315392A1,23/03/2017,2017,0,1,0,0,0,0,0,0,0
967 505 967,56008766,EP3433159A1,23/03/2017,2017,0,1,0,0,0,0,0,0,0
967 505 967,56008766,EP3433159B1,23/03/2017,2017,0,1,0,0,0,0,0,0,0
967 505 967,56008766,US10486738B2,23/03/2017,2017,0,1,0,0,0,0,0,0,0
967 505 967,56008766,JP6900394B2,23/03/2017,2017,0,1,0,0,0,0,0,0,0
967 505 967,56008766,FR3049257B1,24/03/2016,2016,1,0,0,0,0,0,0,0,0
967 505 967,56008766,FR3049257A1,24/03/2016,2016,1,0,0,0,0,0,0,0,0
967 505 967,56119640,EP3449156A1,21/04/2017,2017,0,1,0,0,0,0,0,0,0
967 505 967,56119640,BR112018071910A2,21/04/2017,2017,0,1,0,0,0,0,0,0,0
967 505 967,56119640,JP6894924B2,21/04/2017,2017,0,1,0,0,0,0,0,0,0
967 505 967,56119640,WO2017187055A1,21/04/2017,2017,0,1,0,0,0,0,0,0,0
967 505 967,56119640,US10926792B2,21/04/2017,2017,0,1,0,0,0,0,0,0,0
967 505 967,56119640,FR3050504A1,25/04/2016,2016,1,0,0,0,0,0,0,0,0
967 505 967,56119640,US2019047610A1,21/04/2017,2017,0,1,0,0,0,0,0,0,0
967 505 967,56119640,EP3449156B1,21/04/2017,2017,0,1,0,0,0,0,0,0,0
967 505 967,56119640,FR3050504B1,25/04/2016,2016,1,0,0,0,0,0,0,0,0
967 505 967,56119641,FR3050502A1,25/04/2016,2016,1,0,0,0,0,0,0,0,0
967 505 967,56119641,EP3449157B1,21/04/2017,2017,0,1,0,0,0,0,0,0,0
967 505 967,56119641,EP3449157A1,21/04/2017,2017,0,1,0,0,0,0,0,0,0
967 505 967,56119641,US10704650B2,21/04/2017,2017,0,1,0,0,0,0,0,0,0
967 505 967,56119641,JP7036737B2,21/04/2017,2017,0,1,0,0,0,0,0,0,0
967 505 967,56119641,WO2017187056A1,21/04/2017,2017,0,1,0,0,0,0,0,0,0
967 505 967,56119641,FR3050502B1,25/04/2016,2016,1,0,0,0,0,0,0,0,0
967 505 967,56119641,BR112018071905A2,21/04/2017,2017,0,1,0,0,0,0,0,0,0
967 505 967,56119641,US2019136946A1,21/04/2017,2017,0,1,0,0,0,0,0,0,0
971 509 070,56148519,WO2017174899A1,29/03/2017,2017,0,1,0,0,0,0,0,0,0
971 509 070,56148519,FR3050733B1,27/04/2016,2016,1,0,0,0,0,0,0,0,0
971 509 070,56148519,EP3440137A1,29/03/2017,2017,0,1,0,0,0,0,0,0,0
971 509 070,56148519,CA3018451A1,29/03/2017,2017,0,1,0,0,0,0,0,0,0
971 509 070,56148519,FR3050733A1,27/04/2016,2016,1,0,0,0,0,0,0,0,0
971 509 070,56148519,US11447588B2,29/03/2017,2017,0,1,0,0,0,0,0,0,0
971 509 070,56148519,US2020291152A1,29/03/2017,2017,0,1,0,0,0,0,0,0,0
971 509 070,56943675,BR112018072189A2,02/06/2017,2017,0,1,0,0,0,0,0,0,0
971 509 070,56943675,US11208515B2,02/06/2017,2017,0,1,0,0,0,0,0,0,0
971 509 070,56943675,EP3464396A1,02/06/2017,2017,0,1,0,0,0,0,0,0,0
971 509 070,56943675,FR3052165B1,03/06/2016,2016,1,0,0,0,0,0,0,0,0
971 509 070,56943675,EP3464396B1,02/06/2017,2017,0,1,0,0,0,0,0,0,0
971 509 070,56943675,US2019135965A1,02/06/2017,2017,0,1,0,0,0,0,0,0,0
971 509 070,56943675,FR3052165A1,03/06/2016,2016,1,0,0,0,0,0,0,0,0
971 509 070,56943675,CA3025645A1,02/06/2017,2017,0,1,0,0,0,0,0,0,0
971 509 070,56943675,WO2017207944A1,02/06/2017,2017,0,1,0,0,0,0,0,0,0
971 509 070,56943676,US10835475B2,02/06/2017,2017,0,1,0,0,0,0,0,0,0
971 509 070,56943676,WO2017207945A1,02/06/2017,2017,0,1,0,0,0,0,0,0,0
971 509 070,56943676,CA3023388A1,02/06/2017,2017,0,1,0,0,0,0,0,0,0
971 509 070,56943676,US2019133914A1,02/06/2017,2017,0,1,0,0,0,0,0,0,0
971 509 070,56943676,BR112018071488A2,02/06/2017,2017,0,1,0,0,0,0,0,0,0
971 509 070,56943676,FR3052166A1,03/06/2016,2016,1,0,0,0,0,0,0,0,0
971 509 070,56943676,EP3464397A1,02/06/2017,2017,0,1,0,0,0,0,0,0,0
971 509 070,56943676,KR102388928B1,02/06/2017,2017,0,1,0,0,0,0,0,0,0
971 509 070,56943676,FR3052166B1,03/06/2016,2016,1,0,0,0,0,0,0,0,0
971 509 070,56943676,KR20190015244A,02/06/2017,2017,0,1,0,0,0,0,0,0,0
971 509 070,56943689,WO2017216452A2,09/06/2017,2017,0,1,0,0,0,0,0,0,0
971 509 070,56943689,RU2019100429A,09/06/2017,2017,0,1,0,0,0,0,0,0,0
971 509 070,56943689,EP3469053A2,09/06/2017,2017,0,1,0,0,0,0,0,0,0
971 509 070,56943689,WO2017216452A3,09/06/2017,2017,0,1,0,0,0,0,0,0,0
971 509 070,56943689,US10865365B2,09/06/2017,2017,0,1,0,0,0,0,0,0,0
971 509 070,56943689,FR3052461A1,13/06/2016,2016,1,0,0,0,0,0,0,0,0
971 509 070,56943689,RU2742092C2,09/06/2017,2017,0,1,0,0,0,0,0,0,0
971 509 070,56943689,BR112018074038A2,09/06/2017,2017,0,1,0,0,0,0,0,0,0
971 509 070,56943689,US2019177663A1,09/06/2017,2017,0,1,0,0,0,0,0,0,0
971 509 070,56943689,EP3469053B1,09/06/2017,2017,0,1,0,0,0,0,0,0,0
971 509 070,56943689,MX2018014307A,09/06/2017,2017,0,1,0,0,0,0,0,0,0
971 509 070,56943689,KR102377150B1,09/06/2017,2017,0,1,0,0,0,0,0,0,0
971 509 070,56943689,CA3026011A1,09/06/2017,2017,0,1,0,0,0,0,0,0,0
971 509 070,56943689,FR3052461B1,13/06/2016,2016,1,0,0,0,0,0,0,0,0
971 509 070,57396694,CA3036254A1,14/09/2017,2017,0,1,0,0,0,0,0,0,0
971 509 070,57396694,BR112019001898A2,14/09/2017,2017,0,1,0,0,0,0,0,0,0
971 509 070,57396694,CN109641987A,14/09/2017,2017,0,1,0,0,0,0,0,0,0
971 509 070,57396694,CN109641987B,14/09/2017,2017,0,1,0,0,0,0,0,0,0
971 509 070,57396694,KR102439489B1,14/09/2017,2017,0,1,0,0,0,0,0,0,0
971 509 070,57396694,FR3056594B1,29/09/2016,2016,1,0,0,0,0,0,0,0,0
971 509 070,57396694,MX2019001787A,14/09/2017,2017,0,1,0,0,0,0,0,0,0
971 509 070,57396694,MY192449A,14/09/2017,2017,0,1,0,0,0,0,0,0,0
971 509 070,57396694,KR20190059909A,14/09/2017,2017,0,1,0,0,0,0,0,0,0
971 509 070,57396694,FR3056594A1,29/09/2016,2016,1,0,0,0,0,0,0,0,0
971 509 070,57396694,WO2018060563A1,14/09/2017,2017,0,1,0,0,0,0,0,0,0
971 509 070,57396694,US11203652B2,14/09/2017,2017,0,1,0,0,0,0,0,0,0
971 509 070,57396694,EP3519461A1,14/09/2017,2017,0,1,0,0,0,0,0,0,0
971 509 070,57396694,US2019185595A1,14/09/2017,2017,0,1,0,0,0,0,0,0,0
971 509 070,57583340,WO2018078247A1,20/10/2017,2017,0,1,0,0,0,0,0,0,0
971 509 070,57583340,MX2019004719A,20/10/2017,2017,0,1,0,0,0,0,0,0,0
971 509 070,57583340,FR3057867B1,25/10/2016,2016,1,0,0,0,0,0,0,0,0
971 509 070,57583340,EP3532508A1,20/10/2017,2017,0,1,0,0,0,0,0,0,0
971 509 070,57583340,BR112019006297A2,20/10/2017,2017,0,1,0,0,0,0,0,0,0
971 509 070,57583340,CN109863177A,20/10/2017,2017,0,1,0,0,0,0,0,0,0
971 509 070,57583340,US2019264019A1,20/10/2017,2017,0,1,0,0,0,0,0,0,0
967 505 967,57590655,FR3057232B1,11/10/2016,2016,1,0,0,0,0,0,0,0,0
967 505 967,57590655,FR3057232A1,11/10/2016,2016,1,0,0,0,0,0,0,0,0
967 505 967,57590655,BR112019006387A2,09/10/2017,2017,0,1,0,0,0,0,0,0,0
967 505 967,57590655,EP3526104A1,09/10/2017,2017,0,1,0,0,0,0,0,0,0
967 505 967,57590655,WO2018069616A1,09/10/2017,2017,0,1,0,0,0,0,0,0,0
967 505 967,57590655,US10953917B2,09/10/2017,2017,0,1,0,0,0,0,0,0,0
967 505 967,57590655,US2019256137A1,09/10/2017,2017,0,1,0,0,0,0,0,0,0
971 509 070,57796493,FR3056983A1,30/09/2016,2016,1,0,0,0,0,0,0,0,0
971 509 070,57796493,FR3056983B1,30/09/2016,2016,1,0,0,0,0,0,0,0,0
971 509 070,57796493,BR112019003508A2,29/09/2017,2017,0,1,0,0,0,0,0,0,0
971 509 070,57796493,US2019211125A1,29/09/2017,2017,0,1,0,0,0,0,0,0,0
971 509 070,57796493,WO2018060652A1,29/09/2017,2017,0,1,0,0,0,0,0,0,0
971 509 070,57796493,EP3519472A1,29/09/2017,2017,0,1,0,0,0,0,0,0,0
971 509 070,57796493,US11214641B2,29/09/2017,2017,0,1,0,0,0,0,0,0,0
967 505 967,57796522,EP3526489A1,09/10/2017,2017,0,1,0,0,0,0,0,0,0
967 505 967,57796522,FR3057310A1,11/10/2016,2016,1,0,0,0,0,0,0,0,0
967 505 967,57796522,US2020018371A1,09/10/2017,2017,0,1,0,0,0,0,0,0,0
967 505 967,57796522,FR3057310B1,11/10/2016,2016,1,0,0,0,0,0,0,0,0
967 505 967,57796522,US11209066B2,09/10/2017,2017,0,1,0,0,0,0,0,0,0
967 505 967,57796522,JP6964662B2,09/10/2017,2017,0,1,0,0,0,0,0,0,0
967 505 967,57796522,WO2018069617A1,09/10/2017,2017,0,1,0,0,0,0,0,0,0
967 505 967,57796522,BR112019006367A2,09/10/2017,2017,0,1,0,0,0,0,0,0,0
971 509 070,57861030,CN109844041A,20/10/2017,2017,0,1,0,0,0,0,0,0,0
971 509 070,57861030,US11021566B2,20/10/2017,2017,0,1,0,0,0,0,0,0,0
971 509 070,57861030,BR112019006381A2,20/10/2017,2017,0,1,0,0,0,0,0,0,0
971 509 070,57861030,EP3529319A1,20/10/2017,2017,0,1,0,0,0,0,0,0,0
971 509 070,57861030,WO2018073545A1,20/10/2017,2017,0,1,0,0,0,0,0,0,0
971 509 070,57861030,FR3057871A1,20/10/2016,2016,1,0,0,0,0,0,0,0,0
971 509 070,57861030,CA3039718A1,20/10/2017,2017,0,1,0,0,0,0,0,0,0
971 509 070,57861030,US2020031985A1,20/10/2017,2017,0,1,0,0,0,0,0,0,0
971 509 070,57861030,CN109844041B,20/10/2017,2017,0,1,0,0,0,0,0,0,0
971 509 070,57861030,FR3057871B1,20/10/2016,2016,1,0,0,0,0,0,0,0,0
964 200 497,58228179,FR3059324A1,30/11/2016,2016,1,0,0,0,0,0,0,0,0
964 200 497,58347840,IT201600121565A1,30/11/2016,2016,1,0,0,0,0,0,0,0,0
964 200 497,58455162,FR3060015A1,08/12/2016,2016,1,0,0,0,0,0,0,0,0
964 200 497,58455162,FR3060015B1,08/12/2016,2016,1,0,0,0,0,0,0,0,0
964 200 497,58455170,FR3060043A1,09/12/2016,2016,1,0,0,0,0,0,0,0,0
971 509 070,58455185,SI3555152T1,14/12/2017,2017,0,1,0,0,0,0,0,0,0
971 509 070,58455185,EP3555152A1,14/12/2017,2017,0,1,0,0,0,0,0,0,0
971 509 070,58455185,EP3555152B1,14/12/2017,2017,0,1,0,0,0,0,0,0,0
971 509 070,58455185,BR112019010836A2,14/12/2017,2017,0,1,0,0,0,0,0,0,0
971 509 070,58455185,WO2018109400A1,14/12/2017,2017,0,1,0,0,0,0,0,0,0
971 509 070,58455185,KR20190097150A,14/12/2017,2017,0,1,0,0,0,0,0,0,0
971 509 070,58455185,CN110088151A,14/12/2017,2017,0,1,0,0,0,0,0,0,0
971 509 070,58455185,ES2871553T3,14/12/2017,2017,0,1,0,0,0,0,0,0,0
971 509 070,58455185,FR3060419B1,16/12/2016,2016,1,0,0,0,0,0,0,0,0
971 509 070,58455185,FR3060419A1,16/12/2016,2016,1,0,0,0,0,0,0,0,0
971 509 070,58455185,CN110088151B,14/12/2017,2017,0,1,0,0,0,0,0,0,0
971 509 070,58455185,US2020255669A1,14/12/2017,2017,0,1,0,0,0,0,0,0,0
967 505 967,58669960,FR3062337A1,30/01/2017,2017,0,1,0,0,0,0,0,0,0
964 200 497,59031089,WO2018158299A1,28/02/2018,2018,0,0,1,0,0,0,0,0,0
964 200 497,59031089,AU2018228701A1,28/02/2018,2018,0,0,1,0,0,0,0,0,0
964 200 497,59031089,US2019375684A1,28/02/2018,2018,0,0,1,0,0,0,0,0,0
964 200 497,59031089,EP3589601A1,28/02/2018,2018,0,0,1,0,0,0,0,0,0
964 200 497,59031089,FR3063289B1,28/02/2017,2017,0,1,0,0,0,0,0,0,0
964 200 497,59031089,FR3063289A1,28/02/2017,2017,0,1,0,0,0,0,0,0,0
967 505 967,59253723,FR3065588B1,25/04/2017,2017,0,1,0,0,0,0,0,0,0
967 505 967,59253723,BR112019022237A2,19/04/2018,2018,0,0,1,0,0,0,0,0,0
967 505 967,59253723,FR3065588A1,25/04/2017,2017,0,1,0,0,0,0,0,0,0
967 505 967,59253723,JP7057375B2,19/04/2018,2018,0,0,1,0,0,0,0,0,0
967 505 967,59253723,EP3616280A1,19/04/2018,2018,0,0,1,0,0,0,0,0,0
967 505 967,59253723,US2020052448A1,19/04/2018,2018,0,0,1,0,0,0,0,0,0
967 505 967,59253723,WO2018197784A1,19/04/2018,2018,0,0,1,0,0,0,0,0,0
950 020 180,59381560,DK3415134T3,16/05/2018,2018,0,0,1,0,0,0,0,0,0
950 020 180,59381560,PL3415134T3,16/05/2018,2018,0,0,1,0,0,0,0,0,0
950 020 180,59381560,EP3415134B1,16/05/2018,2018,0,0,1,0,0,0,0,0,0
950 020 180,59381560,ES2837435T3,16/05/2018,2018,0,0,1,0,0,0,0,0,0
950 020 180,59381560,EP3415134A1,16/05/2018,2018,0,0,1,0,0,0,0,0,0
971 509 070,59409560,CA3066070A1,13/06/2018,2018,0,0,1,0,0,0,0,0,0
971 509 070,59409560,CN110741070B,13/06/2018,2018,0,0,1,0,0,0,0,0,0
971 509 070,59409560,RU2020101125A,13/06/2018,2018,0,0,1,0,0,0,0,0,0
971 509 070,59409560,US2020181538A1,13/06/2018,2018,0,0,1,0,0,0,0,0,0
971 509 070,59409560,WO2018229430A1,13/06/2018,2018,0,0,1,0,0,0,0,0,0
971 509 070,59409560,FR3067718A1,16/06/2017,2017,0,1,0,0,0,0,0,0,0
971 509 070,59409560,MX2019013403A,13/06/2018,2018,0,0,1,0,0,0,0,0,0
971 509 070,59409560,BR112019022855A2,13/06/2018,2018,0,0,1,0,0,0,0,0,0
971 509 070,59409560,AU2018284025A1,13/06/2018,2018,0,0,1,0,0,0,0,0,0
971 509 070,59409560,FR3067718B1,16/06/2017,2017,0,1,0,0,0,0,0,0,0
971 509 070,59409560,EP3638761A1,13/06/2018,2018,0,0,1,0,0,0,0,0,0
971 509 070,59409560,US11091724B2,13/06/2018,2018,0,0,1,0,0,0,0,0,0
971 509 070,59520939,US2020291239A1,08/11/2017,2017,0,1,0,0,0,0,0,0,0
971 509 070,59520939,FR3058649A1,14/11/2016,2016,1,0,0,0,0,0,0,0,0
971 509 070,59520939,EP3538568A1,08/11/2017,2017,0,1,0,0,0,0,0,0,0
971 509 070,59520939,WO2018087469A1,08/11/2017,2017,0,1,0,0,0,0,0,0,0
967 505 967,59521059,FR3066748A1,23/05/2017,2017,0,1,0,0,0,0,0,0,0
967 505 967,59521059,US2020102006A1,15/05/2018,2018,0,0,1,0,0,0,0,0,0
967 505 967,59521059,EP3630580A1,15/05/2018,2018,0,0,1,0,0,0,0,0,0
967 505 967,59521059,US11299198B2,15/05/2018,2018,0,0,1,0,0,0,0,0,0
967 505 967,59521059,BR112019023890A2,15/05/2018,2018,0,0,1,0,0,0,0,0,0
967 505 967,59521059,WO2018215711A1,15/05/2018,2018,0,0,1,0,0,0,0,0,0
967 505 967,59521059,FR3066748B1,23/05/2017,2017,0,1,0,0,0,0,0,0,0
950 020 180,59521127,EP3421024A1,15/06/2018,2018,0,0,1,0,0,0,0,0,0
950 020 180,59521127,FR3067927A1,26/06/2017,2017,0,1,0,0,0,0,0,0,0
950 020 180,59521127,FR3067927B1,26/06/2017,2017,0,1,0,0,0,0,0,0,0
950 020 180,59521127,EP3421024B1,15/06/2018,2018,0,0,1,0,0,0,0,0,0
967 505 967,59579728,FR3067084A1,31/05/2017,2017,0,1,0,0,0,0,0,0,0
967 505 967,59579728,WO2018220317A1,25/05/2018,2018,0,0,1,0,0,0,0,0,0
967 505 967,59579728,BR112019024794A2,25/05/2018,2018,0,0,1,0,0,0,0,0,0
967 505 967,59579728,EP3631246A1,25/05/2018,2018,0,0,1,0,0,0,0,0,0
967 505 967,59579728,US2020208735A1,25/05/2018,2018,0,0,1,0,0,0,0,0,0
967 505 967,59579728,FR3067084B1,31/05/2017,2017,0,1,0,0,0,0,0,0,0
967 505 967,59579728,EP3631246B1,25/05/2018,2018,0,0,1,0,0,0,0,0,0
964 200 497,59677160,CA3070259A1,30/07/2018,2018,0,0,1,0,0,0,0,0,0
964 200 497,59677160,EP3661890A1,30/07/2018,2018,0,0,1,0,0,0,0,0,0
964 200 497,59677160,US2020239372A1,30/07/2018,2018,0,0,1,0,0,0,0,0,0
964 200 497,59677160,WO2019025365A1,30/07/2018,2018,0,0,1,0,0,0,0,0,0
964 200 497,59677160,EP3438073A1,31/07/2017,2017,0,1,0,0,0,0,0,0,0
954 506 077,59857555,JP6349426B2,03/03/2017,2017,0,1,0,0,0,0,0,0,0
967 505 967,60019974,FR3066464A1,18/05/2017,2017,0,1,0,0,0,0,0,0,0
967 505 967,60019974,BR112019022937A2,04/05/2018,2018,0,0,1,0,0,0,0,0,0
967 505 967,60019974,JP7098657B2,04/05/2018,2018,0,0,1,0,0,0,0,0,0
967 505 967,60019974,WO2018211198A1,04/05/2018,2018,0,0,1,0,0,0,0,0,0
967 505 967,60019974,EP3625036A1,04/05/2018,2018,0,0,1,0,0,0,0,0,0
967 505 967,60019974,US2020130724A1,04/05/2018,2018,0,0,1,0,0,0,0,0,0
967 505 967,60019974,FR3066464B1,18/05/2017,2017,0,1,0,0,0,0,0,0,0
967 505 967,60020214,WO2019053356A1,07/09/2018,2018,0,0,1,0,0,0,0,0,0
967 505 967,60020214,DE112018005113T5,07/09/2018,2018,0,0,1,0,0,0,0,0,0
967 505 967,60020214,BR112020004824A2,07/09/2018,2018,0,0,1,0,0,0,0,0,0
967 505 967,60020214,FR3070957B1,13/09/2017,2017,0,1,0,0,0,0,0,0,0
967 505 967,60020214,US2020255059A1,07/09/2018,2018,0,0,1,0,0,0,0,0,0
967 505 967,60020214,FR3070957A1,13/09/2017,2017,0,1,0,0,0,0,0,0,0
964 200 497,60081002,FR3069537A1,31/07/2017,2017,0,1,0,0,0,0,0,0,0
964 200 497,60081002,WO2019025380A1,30/07/2018,2018,0,0,1,0,0,0,0,0,0
964 200 497,60081002,EP3661891A1,30/07/2018,2018,0,0,1,0,0,0,0,0,0
964 200 497,60081002,FR3069537B1,31/07/2017,2017,0,1,0,0,0,0,0,0,0
957 503 642,60081035,FR3070248B1,29/08/2017,2017,0,1,0,0,0,0,0,0,0
957 503 642,60081035,FR3070248A1,29/08/2017,2017,0,1,0,0,0,0,0,0,0
957 503 642,60081036,FR3070258A1,29/08/2017,2017,0,1,0,0,0,0,0,0,0
957 503 642,60182738,FR3070257A1,29/08/2017,2017,0,1,0,0,0,0,0,0,0
957 503 642,60182738,FR3070257B1,29/08/2017,2017,0,1,0,0,0,0,0,0,0
971 509 070,60382326,FR3069546A1,28/07/2017,2017,0,1,0,0,0,0,0,0,0
971 509 070,60382326,WO2019020934A1,25/07/2018,2018,0,0,1,0,0,0,0,0,0
971 509 070,60382326,FR3069546B1,28/07/2017,2017,0,1,0,0,0,0,0,0,0
971 509 070,60382326,EP3658597A1,25/07/2018,2018,0,0,1,0,0,0,0,0,0
971 509 070,60382326,KR20200037145A,25/07/2018,2018,0,0,1,0,0,0,0,0,0
971 509 070,60382328,CN110891914A,25/07/2018,2018,0,0,1,0,0,0,0,0,0
971 509 070,60382328,KR20200037208A,25/07/2018,2018,0,0,1,0,0,0,0,0,0
971 509 070,60382328,US2021122862A1,25/07/2018,2018,0,0,1,0,0,0,0,0,0
971 509 070,60382328,ES2901118T3,25/07/2018,2018,0,0,1,0,0,0,0,0,0
971 509 070,60382328,FR3069547A1,28/07/2017,2017,0,1,0,0,0,0,0,0,0
971 509 070,60382328,PL3658518T3,25/07/2018,2018,0,0,1,0,0,0,0,0,0
971 509 070,60382328,FR3069547B1,28/07/2017,2017,0,1,0,0,0,0,0,0,0
971 509 070,60382328,EP3658518A1,25/07/2018,2018,0,0,1,0,0,0,0,0,0
971 509 070,60382328,WO2019020935A1,25/07/2018,2018,0,0,1,0,0,0,0,0,0
971 509 070,60382328,EP3658518B1,25/07/2018,2018,0,0,1,0,0,0,0,0,0
971 509 070,60382329,BR112019027538A2,25/07/2018,2018,0,0,1,0,0,0,0,0,0
971 509 070,60382329,EP3658596A1,25/07/2018,2018,0,0,1,0,0,0,0,0,0
971 509 070,60382329,US2020165367A1,25/07/2018,2018,0,0,1,0,0,0,0,0,0
971 509 070,60382329,FR3069548A1,28/07/2017,2017,0,1,0,0,0,0,0,0,0
971 509 070,60382329,WO2019020936A1,25/07/2018,2018,0,0,1,0,0,0,0,0,0
971 509 070,60382329,FR3069548B1,28/07/2017,2017,0,1,0,0,0,0,0,0,0
967 505 967,60515591,BR112020005607A2,24/09/2018,2018,0,0,1,0,0,0,0,0,0
967 505 967,60515591,FR3071473A1,25/09/2017,2017,0,1,0,0,0,0,0,0,0
967 505 967,60515591,FR3071473B1,25/09/2017,2017,0,1,0,0,0,0,0,0,0
967 505 967,60515591,US11453433B2,24/09/2018,2018,0,0,1,0,0,0,0,0,0
967 505 967,60515591,WO2019058081A1,24/09/2018,2018,0,0,1,0,0,0,0,0,0
967 505 967,60515591,US2021188344A1,24/09/2018,2018,0,0,1,0,0,0,0,0,0
967 505 967,60515591,DE112018004394T5,24/09/2018,2018,0,0,1,0,0,0,0,0,0
971 509 070,60806511,US2018002231A1,15/09/2017,2017,0,1,0,0,0,0,0,0,0
971 509 070,60806511,US10501371B2,15/09/2017,2017,0,1,0,0,0,0,0,0,0
967 505 967,60955165,BR112020005543A2,29/08/2018,2018,0,0,1,0,0,0,0,0,0
967 505 967,60955165,US2020276873A1,29/08/2018,2018,0,0,1,0,0,0,0,0,0
967 505 967,60955165,FR3071188A1,21/09/2017,2017,0,1,0,0,0,0,0,0,0
967 505 967,60955165,WO2019058041A1,29/08/2018,2018,0,0,1,0,0,0,0,0,0
967 505 967,60955165,DE112018005372T5,29/08/2018,2018,0,0,1,0,0,0,0,0,0
967 505 967,60955165,FR3071188B1,21/09/2017,2017,0,1,0,0,0,0,0,0,0
967 505 967,61003245,WO2019110902A1,03/12/2018,2018,0,0,1,0,0,0,0,0,0
967 505 967,61003245,BR112020010973A2,03/12/2018,2018,0,0,1,0,0,0,0,0,0
967 505 967,61003245,DE112018006219T5,03/12/2018,2018,0,0,1,0,0,0,0,0,0
967 505 967,61003245,FR3074898A1,07/12/2017,2017,0,1,0,0,0,0,0,0,0
967 505 967,61003245,FR3074898B1,07/12/2017,2017,0,1,0,0,0,0,0,0,0
967 505 967,61003245,US2020391792A1,03/12/2018,2018,0,0,1,0,0,0,0,0,0
967 505 967,61003246,FR3074897B1,07/12/2017,2017,0,1,0,0,0,0,0,0,0
967 505 967,61003246,US2021164869A1,03/12/2018,2018,0,0,1,0,0,0,0,0,0
967 505 967,61003246,FR3074897A1,07/12/2017,2017,0,1,0,0,0,0,0,0,0
967 505 967,61003246,BR112020011408A2,03/12/2018,2018,0,0,1,0,0,0,0,0,0
967 505 967,61003246,WO2019110905A1,03/12/2018,2018,0,0,1,0,0,0,0,0,0
967 505 967,61003246,DE112018006220T5,03/12/2018,2018,0,0,1,0,0,0,0,0,0
967 505 967,61003247,FR3074769B1,07/12/2017,2017,0,1,0,0,0,0,0,0,0
967 505 967,61003247,FR3074769A1,07/12/2017,2017,0,1,0,0,0,0,0,0,0
967 505 967,61003247,US2020391793A1,03/12/2018,2018,0,0,1,0,0,0,0,0,0
967 505 967,61003247,WO2019110903A1,03/12/2018,2018,0,0,1,0,0,0,0,0,0
967 505 967,61003247,DE112018006243T5,03/12/2018,2018,0,0,1,0,0,0,0,0,0
967 505 967,61003247,BR112020011387A2,03/12/2018,2018,0,0,1,0,0,0,0,0,0
967 505 967,61003248,FR3074899B1,07/12/2017,2017,0,1,0,0,0,0,0,0,0
967 505 967,61003248,DE112018006236T5,03/12/2018,2018,0,0,1,0,0,0,0,0,0
967 505 967,61003248,WO2019110904A1,03/12/2018,2018,0,0,1,0,0,0,0,0,0
967 505 967,61003248,FR3074899A1,07/12/2017,2017,0,1,0,0,0,0,0,0,0
967 505 967,61003248,BR112020010394A2,03/12/2018,2018,0,0,1,0,0,0,0,0,0
967 505 967,61003248,US2020277005A1,03/12/2018,2018,0,0,1,0,0,0,0,0,0
967 505 967,61027984,FR3074470B1,04/12/2017,2017,0,1,0,0,0,0,0,0,0
967 505 967,61027984,FR3074470A1,04/12/2017,2017,0,1,0,0,0,0,0,0,0
967 505 967,61027984,WO2019110893A1,30/11/2018,2018,0,0,1,0,0,0,0,0,0
967 505 967,61027984,BR112020010813A2,30/11/2018,2018,0,0,1,0,0,0,0,0,0
967 505 967,61027984,DE112018006198T5,30/11/2018,2018,0,0,1,0,0,0,0,0,0
967 505 967,61027984,US2020385049A1,30/11/2018,2018,0,0,1,0,0,0,0,0,0
967 505 967,61132692,DE112018006319T5,06/12/2018,2018,0,0,1,0,0,0,0,0,0
967 505 967,61132692,US2021086824A1,06/12/2018,2018,0,0,1,0,0,0,0,0,0
967 505 967,61132692,BR112020011723A2,06/12/2018,2018,0,0,1,0,0,0,0,0,0
967 505 967,61132692,FR3074759A1,11/12/2017,2017,0,1,0,0,0,0,0,0,0
967 505 967,61132692,FR3074759B1,11/12/2017,2017,0,1,0,0,0,0,0,0,0
967 505 967,61132692,WO2019115914A1,06/12/2018,2018,0,0,1,0,0,0,0,0,0
967 505 967,61224200,US2020361515A1,04/01/2019,2019,0,0,0,1,0,0,0,0,0
967 505 967,61224200,FR3076524A1,09/01/2018,2018,0,0,1,0,0,0,0,0,0
967 505 967,61224200,WO2019138175A1,04/01/2019,2019,0,0,0,1,0,0,0,0,0
967 505 967,61224200,DE112019000368T5,04/01/2019,2019,0,0,0,1,0,0,0,0,0
967 505 967,61224200,FR3076524B1,09/01/2018,2018,0,0,1,0,0,0,0,0,0
967 505 967,61224200,BR112020013454A2,04/01/2019,2019,0,0,0,1,0,0,0,0,0
967 505 967,61599371,FR3075154B1,15/12/2017,2017,0,1,0,0,0,0,0,0,0
967 505 967,61599371,FR3075154A1,15/12/2017,2017,0,1,0,0,0,0,0,0,0
967 505 967,61599371,US11084527B2,11/12/2018,2018,0,0,1,0,0,0,0,0,0
967 505 967,61599371,BR112020011858A2,11/12/2018,2018,0,0,1,0,0,0,0,0,0
967 505 967,61599371,US2020361529A1,11/12/2018,2018,0,0,1,0,0,0,0,0,0
967 505 967,61599371,DE112018006372T5,11/12/2018,2018,0,0,1,0,0,0,0,0,0
967 505 967,61599371,WO2019115927A1,11/12/2018,2018,0,0,1,0,0,0,0,0,0
967 505 967,61599468,FR3076529B1,10/01/2018,2018,0,0,1,0,0,0,0,0,0
967 505 967,61599468,US11383763B2,07/01/2019,2019,0,0,0,1,0,0,0,0,0
967 505 967,61599468,FR3076529A1,10/01/2018,2018,0,0,1,0,0,0,0,0,0
967 505 967,61599468,WO2019138178A1,07/01/2019,2019,0,0,0,1,0,0,0,0,0
967 505 967,61599468,BR112020014102A2,07/01/2019,2019,0,0,0,1,0,0,0,0,0
967 505 967,61599468,US2021061349A1,07/01/2019,2019,0,0,0,1,0,0,0,0,0
967 505 967,61599468,DE112019000372T5,07/01/2019,2019,0,0,0,1,0,0,0,0,0
971 509 070,61655924,CN111405940A,21/12/2018,2018,0,0,1,0,0,0,0,0,0
971 509 070,61655924,FR3075661A1,21/12/2017,2017,0,1,0,0,0,0,0,0,0
971 509 070,61655924,BR112020008105A2,21/12/2018,2018,0,0,1,0,0,0,0,0,0
971 509 070,61655924,WO2019122784A1,21/12/2018,2018,0,0,1,0,0,0,0,0,0
971 509 070,61655924,EP3727662A1,21/12/2018,2018,0,0,1,0,0,0,0,0,0
971 509 070,61655924,EP3727662B1,21/12/2018,2018,0,0,1,0,0,0,0,0,0
971 509 070,61655924,US11414604B2,21/12/2018,2018,0,0,1,0,0,0,0,0,0
971 509 070,61655924,US2021178350A1,21/12/2018,2018,0,0,1,0,0,0,0,0,0
967 505 967,61655995,FR3076531A1,09/01/2018,2018,0,0,1,0,0,0,0,0,0
967 505 967,61655995,BR112020013963A2,04/01/2019,2019,0,0,0,1,0,0,0,0,0
967 505 967,61655995,US11383761B2,04/01/2019,2019,0,0,0,1,0,0,0,0,0
967 505 967,61655995,WO2019138174A1,04/01/2019,2019,0,0,0,1,0,0,0,0,0
967 505 967,61655995,FR3076531B1,09/01/2018,2018,0,0,1,0,0,0,0,0,0
967 505 967,61655995,DE112019000366T5,04/01/2019,2019,0,0,0,1,0,0,0,0,0
967 505 967,61655995,US2020361527A1,04/01/2019,2019,0,0,0,1,0,0,0,0,0
950 012 245,61656047,ES2721698B2,30/01/2019,2019,0,0,0,1,0,0,0,0,0
950 012 245,61656047,FR3077466A1,02/02/2018,2018,0,0,1,0,0,0,0,0,0
950 012 245,61656047,ES2721698A1,30/01/2019,2019,0,0,0,1,0,0,0,0,0
950 012 245,61656047,FR3077466B1,02/02/2018,2018,0,0,1,0,0,0,0,0,0
967 505 967,61750232,WO2019092341A1,23/10/2018,2018,0,0,1,0,0,0,0,0,0
967 505 967,61750232,DE112018005821T5,23/10/2018,2018,0,0,1,0,0,0,0,0,0
967 505 967,61750232,FR3073638A1,13/11/2017,2017,0,1,0,0,0,0,0,0,0
967 505 967,61750232,BR112020009382A2,23/10/2018,2018,0,0,1,0,0,0,0,0,0
967 505 967,61750232,FR3073638B1,13/11/2017,2017,0,1,0,0,0,0,0,0,0
967 505 967,61750232,US2020370979A1,23/10/2018,2018,0,0,1,0,0,0,0,0,0
967 505 967,61802004,DE112018005154T5,07/09/2018,2018,0,0,1,0,0,0,0,0,0
967 505 967,61802004,FR3071219B1,15/09/2017,2017,0,1,0,0,0,0,0,0,0
967 505 967,61802004,FR3071219A1,15/09/2017,2017,0,1,0,0,0,0,0,0,0
967 505 967,61802004,US10994771B2,07/09/2018,2018,0,0,1,0,0,0,0,0,0
967 505 967,61802004,BR112020004886A2,07/09/2018,2018,0,0,1,0,0,0,0,0,0
967 505 967,61802004,US2020216114A1,07/09/2018,2018,0,0,1,0,0,0,0,0,0
967 505 967,61802004,WO2019053357A1,07/09/2018,2018,0,0,1,0,0,0,0,0,0
971 509 070,61802021,JOP20200107A1,09/11/2018,2018,0,0,1,0,0,0,0,0,0
971 509 070,61802021,MA50573A,09/11/2018,2018,0,0,1,0,0,0,0,0,0
971 509 070,61802021,US2020361774A1,09/11/2018,2018,0,0,1,0,0,0,0,0,0
971 509 070,61802021,AU2018363262A1,09/11/2018,2018,0,0,1,0,0,0,0,0,0
971 509 070,61802021,BR112020009201A2,09/11/2018,2018,0,0,1,0,0,0,0,0,0
971 509 070,61802021,FR3073219B1,09/11/2017,2017,0,1,0,0,0,0,0,0,0
971 509 070,61802021,FR3073219A1,09/11/2017,2017,0,1,0,0,0,0,0,0,0
971 509 070,61802021,WO2019092381A1,09/11/2018,2018,0,0,1,0,0,0,0,0,0
971 509 070,61802021,EP3707097A1,09/11/2018,2018,0,0,1,0,0,0,0,0,0
971 509 070,61802021,RU2020118890A,09/11/2018,2018,0,0,1,0,0,0,0,0,0
971 509 070,61802104,WO2019122640A1,17/12/2018,2018,0,0,1,0,0,0,0,0,0
971 509 070,61802104,US2020370245A1,17/12/2018,2018,0,0,1,0,0,0,0,0,0
971 509 070,61802104,BR112020008107A2,17/12/2018,2018,0,0,1,0,0,0,0,0,0
971 509 070,61802104,FR3075230A1,18/12/2017,2017,0,1,0,0,0,0,0,0,0
971 509 070,61802104,EP3728734A1,17/12/2018,2018,0,0,1,0,0,0,0,0,0
971 509 070,61802104,FR3075230B1,18/12/2017,2017,0,1,0,0,0,0,0,0,0
971 509 070,61802104,CN111417755A,17/12/2018,2018,0,0,1,0,0,0,0,0,0
971 509 070,61913105,EP3543302A1,22/03/2018,2018,0,0,1,0,0,0,0,0,0
971 509 070,61913105,US2020377741A1,14/01/2019,2019,0,0,0,1,0,0,0,0,0
971 509 070,61913105,CA3088290A1,14/01/2019,2019,0,0,0,1,0,0,0,0,0
971 509 070,61913105,BR112020011449A2,14/01/2019,2019,0,0,0,1,0,0,0,0,0
971 509 070,61913105,AU2019213275A1,14/01/2019,2019,0,0,0,1,0,0,0,0,0
971 509 070,61913105,EP3543302B1,22/03/2018,2018,0,0,1,0,0,0,0,0,0
967 505 967,62017399,FR3075155A1,20/12/2017,2017,0,1,0,0,0,0,0,0,0
967 505 967,62017399,DE112018006475T5,17/12/2018,2018,0,0,1,0,0,0,0,0,0
967 505 967,62017399,WO2019122647A1,17/12/2018,2018,0,0,1,0,0,0,0,0,0
967 505 967,62017399,FR3075155B1,20/12/2017,2017,0,1,0,0,0,0,0,0,0
967 505 967,62017399,BR112020012603A2,17/12/2018,2018,0,0,1,0,0,0,0,0,0
967 505 967,62017399,US2020317259A1,17/12/2018,2018,0,0,1,0,0,0,0,0,0
967 505 967,62017502,WO2019150036A1,29/01/2019,2019,0,0,0,1,0,0,0,0,0
967 505 967,62017502,FR3077263B1,31/01/2018,2018,0,0,1,0,0,0,0,0,0
967 505 967,62017502,DE112019000601T5,29/01/2019,2019,0,0,0,1,0,0,0,0,0
967 505 967,62017502,BR112020015356A2,29/01/2019,2019,0,0,0,1,0,0,0,0,0
967 505 967,62017502,US2021053620A1,29/01/2019,2019,0,0,0,1,0,0,0,0,0
967 505 967,62017502,FR3077263A1,31/01/2018,2018,0,0,1,0,0,0,0,0,0
967 505 967,62017571,WO2019175502A1,13/03/2019,2019,0,0,0,1,0,0,0,0,0
967 505 967,62017571,BR112020018843A2,13/03/2019,2019,0,0,0,1,0,0,0,0,0
967 505 967,62017571,FR3078940B1,16/03/2018,2018,0,0,1,0,0,0,0,0,0
967 505 967,62017571,DE112019001377T5,13/03/2019,2019,0,0,0,1,0,0,0,0,0
967 505 967,62017571,US2021024120A1,13/03/2019,2019,0,0,0,1,0,0,0,0,0
967 505 967,62017571,FR3078940A1,16/03/2018,2018,0,0,1,0,0,0,0,0,0
967 505 967,62017571,US11370474B2,13/03/2019,2019,0,0,0,1,0,0,0,0,0
967 505 967,62143321,FR3076530B1,08/01/2018,2018,0,0,1,0,0,0,0,0,0
967 505 967,62143321,BR112020013896A2,04/01/2019,2019,0,0,0,1,0,0,0,0,0
967 505 967,62143321,US2020331515A1,04/01/2019,2019,0,0,0,1,0,0,0,0,0
967 505 967,62143321,DE112019000362T5,04/01/2019,2019,0,0,0,1,0,0,0,0,0
967 505 967,62143321,WO2019135056A1,04/01/2019,2019,0,0,0,1,0,0,0,0,0
967 505 967,62143321,US11345394B2,04/01/2019,2019,0,0,0,1,0,0,0,0,0
967 505 967,62143321,FR3076530A1,08/01/2018,2018,0,0,1,0,0,0,0,0,0
971 509 070,62222723,FR3073218A1,09/11/2017,2017,0,1,0,0,0,0,0,0,0
971 509 070,62222723,WO2019092380A1,09/11/2018,2018,0,0,1,0,0,0,0,0,0
971 509 070,62222723,FR3073218B1,09/11/2017,2017,0,1,0,0,0,0,0,0,0
971 509 070,62222723,MA50575A,09/11/2018,2018,0,0,1,0,0,0,0,0,0
971 509 070,62222723,EP3707098A1,09/11/2018,2018,0,0,1,0,0,0,0,0,0
971 509 070,62222723,US2021171349A1,09/11/2018,2018,0,0,1,0,0,0,0,0,0
971 509 070,62222723,CN111587219A,09/11/2018,2018,0,0,1,0,0,0,0,0,0
971 509 070,62222748,US2020277431A1,14/12/2018,2018,0,0,1,0,0,0,0,0,0
971 509 070,62222748,FR3075206B1,19/12/2017,2017,0,1,0,0,0,0,0,0,0
971 509 070,62222748,FR3075206A1,19/12/2017,2017,0,1,0,0,0,0,0,0,0
971 509 070,62222748,EP3728376A1,14/12/2018,2018,0,0,1,0,0,0,0,0,0
971 509 070,62222748,WO2019122629A1,14/12/2018,2018,0,0,1,0,0,0,0,0,0
967 505 967,62455692,FR3078643A1,12/03/2018,2018,0,0,1,0,0,0,0,0,0
967 505 967,62455692,FR3078643B1,12/03/2018,2018,0,0,1,0,0,0,0,0,0
967 505 967,62455692,US2021008652A1,08/03/2019,2019,0,0,0,1,0,0,0,0,0
967 505 967,62455692,DE112019001329T5,08/03/2019,2019,0,0,0,1,0,0,0,0,0
967 505 967,62455692,BR112020017785A2,08/03/2019,2019,0,0,0,1,0,0,0,0,0
967 505 967,62455692,WO2019175495A1,08/03/2019,2019,0,0,0,1,0,0,0,0,0
967 505 967,62528593,DE102019202478A1,25/02/2019,2019,0,0,0,1,0,0,0,0,0
967 505 967,62528593,FR3078311A1,26/02/2018,2018,0,0,1,0,0,0,0,0,0
967 505 967,62528593,FR3078311B1,26/02/2018,2018,0,0,1,0,0,0,0,0,0
967 505 967,62528703,FR3080084B1,16/04/2018,2018,0,0,1,0,0,0,0,0,0
967 505 967,62528703,WO2019202237A1,10/04/2019,2019,0,0,0,1,0,0,0,0,0
967 505 967,62528703,DE112019001969T5,10/04/2019,2019,0,0,0,1,0,0,0,0,0
967 505 967,62528703,US2021086825A1,10/04/2019,2019,0,0,0,1,0,0,0,0,0
967 505 967,62528703,FR3080084A1,16/04/2018,2018,0,0,1,0,0,0,0,0,0
967 505 967,62597628,DE112019000939T5,21/02/2019,2019,0,0,0,1,0,0,0,0,0
967 505 967,62597628,FR3078050A1,22/02/2018,2018,0,0,1,0,0,0,0,0,0
967 505 967,62597628,BR112020016610A2,21/02/2019,2019,0,0,0,1,0,0,0,0,0
967 505 967,62597628,US2020398890A1,21/02/2019,2019,0,0,0,1,0,0,0,0,0
967 505 967,62597628,FR3078050B1,22/02/2018,2018,0,0,1,0,0,0,0,0,0
967 505 967,62597628,WO2019162622A1,21/02/2019,2019,0,0,0,1,0,0,0,0,0
971 509 070,62873470,FR3079415A1,29/03/2018,2018,0,0,1,0,0,0,0,0,0
971 509 070,62873470,WO2019185999A1,28/03/2019,2019,0,0,0,1,0,0,0,0,0
971 509 070,62873470,FR3079415B1,29/03/2018,2018,0,0,1,0,0,0,0,0,0
971 509 070,62873470,CN111867682A,28/03/2019,2019,0,0,0,1,0,0,0,0,0
971 509 070,62873470,US2021161775A1,28/03/2019,2019,0,0,0,1,0,0,0,0,0
971 509 070,62873470,EP3773928A1,28/03/2019,2019,0,0,0,1,0,0,0,0,0
971 509 070,62916711,US2021214476A1,04/06/2018,2018,0,0,1,0,0,0,0,0,0
971 509 070,62916711,WO2019234310A1,04/06/2018,2018,0,0,1,0,0,0,0,0,0
971 509 070,62916711,EP3802637A1,04/06/2018,2018,0,0,1,0,0,0,0,0,0
967 505 967,63490587,WO2019229336A1,23/05/2019,2019,0,0,0,1,0,0,0,0,0
967 505 967,63490587,FR3081429A1,28/05/2018,2018,0,0,1,0,0,0,0,0,0
967 505 967,63490587,FR3081429B1,28/05/2018,2018,0,0,1,0,0,0,0,0,0
967 505 967,63490587,DE112019002708T5,23/05/2019,2019,0,0,0,1,0,0,0,0,0
967 505 967,63490587,US2021222728A1,23/05/2019,2019,0,0,0,1,0,0,0,0,0
967 505 967,63684119,WO2020012106A1,09/07/2019,2019,0,0,0,1,0,0,0,0,0
967 505 967,63684119,US2021380163A1,09/07/2019,2019,0,0,0,1,0,0,0,0,0
967 505 967,63684119,FR3083772B1,13/07/2018,2018,0,0,1,0,0,0,0,0,0
967 505 967,63684119,FR3083772A1,13/07/2018,2018,0,0,1,0,0,0,0,0,0
967 505 967,63684119,DE112019003563T5,09/07/2019,2019,0,0,0,1,0,0,0,0,0
967 505 967,63684120,WO2020012107A1,09/07/2019,2019,0,0,0,1,0,0,0,0,0
967 505 967,63684120,FR3083771A1,13/07/2018,2018,0,0,1,0,0,0,0,0,0
967 505 967,63684120,US2022204074A1,09/07/2019,2019,0,0,0,1,0,0,0,0,0
967 505 967,63684120,DE112019003573T5,09/07/2019,2019,0,0,0,1,0,0,0,0,0
967 505 967,63684120,FR3083771B1,13/07/2018,2018,0,0,1,0,0,0,0,0,0
973 504 509,63896301,FR3082727A1,26/06/2018,2018,0,0,1,0,0,0,0,0,0
973 504 509,63896301,FR3082727B1,26/06/2018,2018,0,0,1,0,0,0,0,0,0
971 509 070,63963084,EP3784706A1,09/04/2019,2019,0,0,0,1,0,0,0,0,0
971 509 070,63963084,FR3080378A1,24/04/2018,2018,0,0,1,0,0,0,0,0,0
971 509 070,63963084,WO2019207213A1,09/04/2019,2019,0,0,0,1,0,0,0,0,0
971 509 070,65031237,FR3082195A1,08/06/2018,2018,0,0,1,0,0,0,0,0,0
971 509 070,65031237,CO2020014703A2,27/11/2020,2020,0,0,0,0,1,0,0,0,0
971 509 070,65031237,CL2020003156A1,03/12/2020,2020,0,0,0,0,1,0,0,0,0
971 509 070,65031237,FR3082195B1,08/06/2018,2018,0,0,1,0,0,0,0,0,0
971 509 070,65031237,AU2019281126A1,05/06/2019,2019,0,0,0,1,0,0,0,0,0
971 509 070,65031237,PE20210016A1,05/06/2019,2019,0,0,0,1,0,0,0,0,0
971 509 070,65031237,CA3102184A1,05/06/2019,2019,0,0,0,1,0,0,0,0,0
971 509 070,65031237,EP3801813A1,05/06/2019,2019,0,0,0,1,0,0,0,0,0
971 509 070,65031237,WO2019234313A1,05/06/2019,2019,0,0,0,1,0,0,0,0,0
971 509 070,65031237,US2021171723A1,05/06/2019,2019,0,0,0,1,0,0,0,0,0
971 509 070,65031237,BR112020023011A2,05/06/2019,2019,0,0,0,1,0,0,0,0,0
971 509 070,65031238,PE20210078A1,05/06/2019,2019,0,0,0,1,0,0,0,0,0
971 509 070,65031238,WO2019234314A1,05/06/2019,2019,0,0,0,1,0,0,0,0,0
971 509 070,65031238,FR3082197B1,08/06/2018,2018,0,0,1,0,0,0,0,0,0
971 509 070,65031238,CN112236207A,05/06/2019,2019,0,0,0,1,0,0,0,0,0
971 509 070,65031238,FR3082197A1,08/06/2018,2018,0,0,1,0,0,0,0,0,0
971 509 070,65031238,EP3810299A1,05/06/2019,2019,0,0,0,1,0,0,0,0,0
971 509 070,65031238,CL2020003157A1,03/12/2020,2020,0,0,0,0,1,0,0,0,0
971 509 070,65031239,FR3082124A1,08/06/2018,2018,0,0,1,0,0,0,0,0,0
971 509 070,65031239,CO2020014705A2,27/11/2020,2020,0,0,0,0,1,0,0,0,0
971 509 070,65031239,CL2020003159A1,03/12/2020,2020,0,0,0,0,1,0,0,0,0
971 509 070,65031239,EP3801811A2,05/06/2019,2019,0,0,0,1,0,0,0,0,0
971 509 070,65031239,CN112272583A,05/06/2019,2019,0,0,0,1,0,0,0,0,0
971 509 070,65031239,AU2019282374A1,05/06/2019,2019,0,0,0,1,0,0,0,0,0
971 509 070,65031239,WO2019234315A2,05/06/2019,2019,0,0,0,1,0,0,0,0,0
971 509 070,65031239,PE20210079A1,05/06/2019,2019,0,0,0,1,0,0,0,0,0
971 509 070,65031239,ZA202007711B,10/12/2020,2020,0,0,0,0,1,0,0,0,0
971 509 070,65031239,FR3082124B1,08/06/2018,2018,0,0,1,0,0,0,0,0,0
971 509 070,65031239,WO2019234315A3,05/06/2019,2019,0,0,0,1,0,0,0,0,0
971 509 070,65031239,CA3102186A1,05/06/2019,2019,0,0,0,1,0,0,0,0,0
971 509 070,65031239,US2021170309A1,05/06/2019,2019,0,0,0,1,0,0,0,0,0
971 509 070,65031239,BR112020023480A2,05/06/2019,2019,0,0,0,1,0,0,0,0,0
971 509 070,65031240,WO2019234316A1,05/06/2019,2019,0,0,0,1,0,0,0,0,0
971 509 070,65031240,EP3801812A1,05/06/2019,2019,0,0,0,1,0,0,0,0,0
971 509 070,65031240,CO2020014710A2,27/11/2020,2020,0,0,0,0,1,0,0,0,0
971 509 070,65031240,CL2020003160A1,03/12/2020,2020,0,0,0,0,1,0,0,0,0
971 509 070,65031240,MA52770A,05/06/2019,2019,0,0,0,1,0,0,0,0,0
971 509 070,65031240,BR112020024929A2,05/06/2019,2019,0,0,0,1,0,0,0,0,0
971 509 070,65031240,CN112261977A,05/06/2019,2019,0,0,0,1,0,0,0,0,0
971 509 070,65031240,CA3102188A1,05/06/2019,2019,0,0,0,1,0,0,0,0,0
971 509 070,65031240,FR3082196B1,08/06/2018,2018,0,0,1,0,0,0,0,0,0
971 509 070,65031240,FR3082196A1,08/06/2018,2018,0,0,1,0,0,0,0,0,0
971 509 070,65031240,PE20210080A1,05/06/2019,2019,0,0,0,1,0,0,0,0,0
971 509 070,65031240,AU2019282375A1,05/06/2019,2019,0,0,0,1,0,0,0,0,0
971 509 070,65031380,EP3817708A1,01/07/2019,2019,0,0,0,1,0,0,0,0,0
971 509 070,65031380,WO2020008119A1,01/07/2019,2019,0,0,0,1,0,0,0,0,0
971 509 070,65031380,US2021259928A1,01/07/2019,2019,0,0,0,1,0,0,0,0,0
971 509 070,65031380,FR3083448B1,06/07/2018,2018,0,0,1,0,0,0,0,0,0
971 509 070,65031380,BR112020025146A2,01/07/2019,2019,0,0,0,1,0,0,0,0,0
971 509 070,65031380,CN112367962A,01/07/2019,2019,0,0,0,1,0,0,0,0,0
971 509 070,65031380,FR3083448A1,06/07/2018,2018,0,0,1,0,0,0,0,0,0
967 505 967,65200900,FR3083770A1,10/07/2018,2018,0,0,1,0,0,0,0,0,0
967 505 967,65200900,FR3083770B1,10/07/2018,2018,0,0,1,0,0,0,0,0,0
967 505 967,65200900,US2021261189A1,09/07/2019,2019,0,0,0,1,0,0,0,0,0
967 505 967,65200900,DE112019003489T5,09/07/2019,2019,0,0,0,1,0,0,0,0,0
967 505 967,65200900,WO2020012108A1,09/07/2019,2019,0,0,0,1,0,0,0,0,0
967 505 967,65201205,FR3085341B1,29/08/2018,2018,0,0,1,0,0,0,0,0,0
967 505 967,65201205,FR3085341A1,29/08/2018,2018,0,0,1,0,0,0,0,0,0
967 505 967,65243799,DE102019214542A1,24/09/2019,2019,0,0,0,1,0,0,0,0,0
967 505 967,65243799,FR3086262B1,24/09/2018,2018,0,0,1,0,0,0,0,0,0
967 505 967,65243799,FR3086262A1,24/09/2018,2018,0,0,1,0,0,0,0,0,0
967 505 967,65243800,FR3086263B1,24/09/2018,2018,0,0,1,0,0,0,0,0,0
967 505 967,65243800,DE112019004766T5,21/08/2019,2019,0,0,0,1,0,0,0,0,0
967 505 967,65243800,US2022041211A1,21/08/2019,2019,0,0,0,1,0,0,0,0,0
967 505 967,65243800,FR3086263A1,24/09/2018,2018,0,0,1,0,0,0,0,0,0
967 505 967,65243800,WO2020065149A1,21/08/2019,2019,0,0,0,1,0,0,0,0,0
967 505 967,65244103,FR3086920A1,03/10/2018,2018,0,0,1,0,0,0,0,0,0
967 505 967,65244103,FR3086920B1,03/10/2018,2018,0,0,1,0,0,0,0,0,0
967 505 967,65244103,DE112019005008T5,01/10/2019,2019,0,0,0,1,0,0,0,0,0
967 505 967,65244103,WO2020070428A1,01/10/2019,2019,0,0,0,1,0,0,0,0,0
967 505 967,65244103,US2022041208A1,01/10/2019,2019,0,0,0,1,0,0,0,0,0
971 509 070,65444117,WO2020084200A1,15/10/2019,2019,0,0,0,1,0,0,0,0,0
971 509 070,65444117,FR3087774B1,26/10/2018,2018,0,0,1,0,0,0,0,0,0
971 509 070,65444117,EP3870625A1,15/10/2019,2019,0,0,0,1,0,0,0,0,0
971 509 070,65444117,FR3087774A1,26/10/2018,2018,0,0,1,0,0,0,0,0,0
971 509 070,65444117,US2021269580A1,15/10/2019,2019,0,0,0,1,0,0,0,0,0
967 505 967,65763533,FR3086987B1,04/10/2018,2018,0,0,1,0,0,0,0,0,0
967 505 967,65763533,EP3633236B1,01/10/2019,2019,0,0,0,1,0,0,0,0,0
967 505 967,65763533,FR3086987A1,04/10/2018,2018,0,0,1,0,0,0,0,0,0
967 505 967,65763533,EP3633236A1,01/10/2019,2019,0,0,0,1,0,0,0,0,0
971 509 070,65861440,AU2019378119A1,14/11/2019,2019,0,0,0,1,0,0,0,0,0
971 509 070,65861440,CA3118785A1,14/11/2019,2019,0,0,0,1,0,0,0,0,0
971 509 070,65861440,CN113056588A,14/11/2019,2019,0,0,0,1,0,0,0,0,0
971 509 070,65861440,FR3088645A1,16/11/2018,2018,0,0,1,0,0,0,0,0,0
971 509 070,65861440,EP3880720A2,14/11/2019,2019,0,0,0,1,0,0,0,0,0
971 509 070,65861440,BR112021007796A2,14/11/2019,2019,0,0,0,1,0,0,0,0,0
971 509 070,65861440,WO2020099736A2,14/11/2019,2019,0,0,0,1,0,0,0,0,0
971 509 070,65861440,WO2020099736A3,14/11/2019,2019,0,0,0,1,0,0,0,0,0
971 509 070,65861440,CL2021001224A1,10/05/2021,2021,0,0,0,0,0,1,0,0,0
971 509 070,65861440,FR3088645B1,16/11/2018,2018,0,0,1,0,0,0,0,0,0
971 509 070,65861440,US2022025203A1,14/11/2019,2019,0,0,0,1,0,0,0,0,0
971 509 070,65995785,WO2019145781A1,14/01/2019,2019,0,0,0,1,0,0,0,0,0
964 200 497,66041526,FR3087196B1,10/10/2018,2018,0,0,1,0,0,0,0,0,0
964 200 497,66041526,EP3863984A1,10/10/2019,2019,0,0,0,1,0,0,0,0,0
964 200 497,66041526,WO2020074633A1,10/10/2019,2019,0,0,0,1,0,0,0,0,0
964 200 497,66041526,FR3087196A1,10/10/2018,2018,0,0,1,0,0,0,0,0,0
964 200 497,66041526,AU2019356954A1,10/10/2019,2019,0,0,0,1,0,0,0,0,0
964 200 497,66041526,PH12021550768A1,05/04/2021,2021,0,0,0,0,0,1,0,0,0
964 200 497,66041526,MA52918A1,10/10/2019,2019,0,0,0,1,0,0,0,0,0
964 200 497,66041526,BR112021006735A2,10/10/2019,2019,0,0,0,1,0,0,0,0,0
964 200 497,66041526,CA3115389A1,10/10/2019,2019,0,0,0,1,0,0,0,0,0
964 200 497,66041526,EA202190756A1,10/10/2019,2019,0,0,0,1,0,0,0,0,0
964 200 497,66041526,US2021387909A1,10/10/2019,2019,0,0,0,1,0,0,0,0,0
967 505 967,66218207,FR3089140B1,29/11/2018,2018,0,0,1,0,0,0,0,0,0
967 505 967,66218207,FR3089140A1,29/11/2018,2018,0,0,1,0,0,0,0,0,0
967 505 967,66218207,DE102019218430A1,28/11/2019,2019,0,0,0,1,0,0,0,0,0
954 506 077,66441117,JP6684334B2,05/11/2018,2018,0,0,1,0,0,0,0,0,0
964 200 497,66530125,CA3120785A1,25/11/2019,2019,0,0,0,1,0,0,0,0,0
964 200 497,66530125,EP3887334A1,25/11/2019,2019,0,0,0,1,0,0,0,0,0
964 200 497,66530125,FR3088928B1,27/11/2018,2018,0,0,1,0,0,0,0,0,0
964 200 497,66530125,US2022024825A1,25/11/2019,2019,0,0,0,1,0,0,0,0,0
964 200 497,66530125,FR3088928A1,27/11/2018,2018,0,0,1,0,0,0,0,0,0
964 200 497,66530125,WO2020109231A1,25/11/2019,2019,0,0,0,1,0,0,0,0,0
971 509 070,67107664,FR3091820A1,23/01/2019,2019,0,0,0,1,0,0,0,0,0
971 509 070,67107664,WO2020152406A1,23/01/2020,2020,0,0,0,0,1,0,0,0,0
971 509 070,67107664,US2022062152A1,23/01/2020,2020,0,0,0,0,1,0,0,0,0
971 509 070,67107664,FR3091820B1,23/01/2019,2019,0,0,0,1,0,0,0,0,0
971 509 070,67107664,EP3914224A1,23/01/2020,2020,0,0,0,0,1,0,0,0,0
967 505 967,67262509,FR3092312A1,01/02/2019,2019,0,0,0,1,0,0,0,0,0
967 505 967,67262509,WO2020157431A1,29/01/2020,2020,0,0,0,0,1,0,0,0,0
967 505 967,67262509,DE112020000612T5,29/01/2020,2020,0,0,0,0,1,0,0,0,0
967 505 967,67262509,FR3092312B1,01/02/2019,2019,0,0,0,1,0,0,0,0,0
967 505 967,67262509,US2022126911A1,29/01/2020,2020,0,0,0,0,1,0,0,0,0
964 200 497,67383937,CA3130832A1,25/02/2020,2020,0,0,0,0,1,0,0,0,0
964 200 497,67383937,BR112021016724A2,25/02/2020,2020,0,0,0,0,1,0,0,0,0
964 200 497,67383937,FR3093106A1,25/02/2019,2019,0,0,0,1,0,0,0,0,0
964 200 497,67383937,AU2020229055A1,25/02/2020,2020,0,0,0,0,1,0,0,0,0
964 200 497,67383937,US2022162130A1,25/02/2020,2020,0,0,0,0,1,0,0,0,0
964 200 497,67383937,EA202192050A1,25/02/2020,2020,0,0,0,0,1,0,0,0,0
964 200 497,67383937,MA54021A1,25/02/2020,2020,0,0,0,0,1,0,0,0,0
964 200 497,67383937,CO2021011106A2,24/08/2021,2021,0,0,0,0,0,1,0,0,0
964 200 497,67383937,FR3093106B1,25/02/2019,2019,0,0,0,1,0,0,0,0,0
964 200 497,67383937,EP3931166A1,25/02/2020,2020,0,0,0,0,1,0,0,0,0
964 200 497,67383937,WO2020173927A1,25/02/2020,2020,0,0,0,0,1,0,0,0,0
967 505 967,67587862,FR3095515A1,26/04/2019,2019,0,0,0,1,0,0,0,0,0
967 505 967,67587862,DE112020002151T5,22/04/2020,2020,0,0,0,0,1,0,0,0,0
967 505 967,67587862,FR3095515B1,26/04/2019,2019,0,0,0,1,0,0,0,0,0
967 505 967,67587862,WO2020217020A1,22/04/2020,2020,0,0,0,0,1,0,0,0,0
967 505 967,67587862,US2022177028A1,22/04/2020,2020,0,0,0,0,1,0,0,0,0
967 505 967,67660285,US2020324809A1,15/04/2020,2020,0,0,0,0,1,0,0,0,0
967 505 967,67660285,FR3095044A1,15/04/2019,2019,0,0,0,1,0,0,0,0,0
967 505 967,67660285,BR102020007455A2,15/04/2020,2020,0,0,0,0,1,0,0,0,0
967 505 967,67660285,DE102020110194A1,14/04/2020,2020,0,0,0,0,1,0,0,0,0
967 505 967,67660285,FR3095044B1,15/04/2019,2019,0,0,0,1,0,0,0,0,0
971 509 070,67742547,US2022119621A1,24/02/2020,2020,0,0,0,0,1,0,0,0,0
971 509 070,67742547,EP3931267A2,24/02/2020,2020,0,0,0,0,1,0,0,0,0
971 509 070,67742547,WO2020178489A2,24/02/2020,2020,0,0,0,0,1,0,0,0,0
971 509 070,67742547,CN113348215A,24/02/2020,2020,0,0,0,0,1,0,0,0,0
971 509 070,67742547,WO2020178489A3,24/02/2020,2020,0,0,0,0,1,0,0,0,0
971 509 070,67742547,FR3093011B1,26/02/2019,2019,0,0,0,1,0,0,0,0,0
971 509 070,67742547,FR3093011A1,26/02/2019,2019,0,0,0,1,0,0,0,0,0
971 509 070,67742547,CA3129113A1,24/02/2020,2020,0,0,0,0,1,0,0,0,0
971 509 070,67742548,CA3129090A1,24/02/2020,2020,0,0,0,0,1,0,0,0,0
971 509 070,67742548,US2022081569A1,24/02/2020,2020,0,0,0,0,1,0,0,0,0
971 509 070,67742548,FR3093012A1,26/02/2019,2019,0,0,0,1,0,0,0,0,0
971 509 070,67742548,FR3093012B1,26/02/2019,2019,0,0,0,1,0,0,0,0,0
971 509 070,67742548,WO2020174132A1,24/02/2020,2020,0,0,0,0,1,0,0,0,0
971 509 070,67742548,EP3931268A1,24/02/2020,2020,0,0,0,0,1,0,0,0,0
967 505 967,67810799,US2022178840A1,09/04/2020,2020,0,0,0,0,1,0,0,0,0
967 505 967,67810799,WO2020212654A1,09/04/2020,2020,0,0,0,0,1,0,0,0,0
967 505 967,67810799,FR3095069B1,15/04/2019,2019,0,0,0,1,0,0,0,0,0
967 505 967,67810799,DE112020001968T5,09/04/2020,2020,0,0,0,0,1,0,0,0,0
967 505 967,67810799,FR3095069A1,15/04/2019,2019,0,0,0,1,0,0,0,0,0
957 503 642,68072545,FR3094626A1,05/04/2019,2019,0,0,0,1,0,0,0,0,0
957 503 642,68072545,FR3094626B1,05/04/2019,2019,0,0,0,1,0,0,0,0,0
967 505 967,68072658,FR3096336B1,23/05/2019,2019,0,0,0,1,0,0,0,0,0
967 505 967,68072658,DE102020113806A1,22/05/2020,2020,0,0,0,0,1,0,0,0,0
967 505 967,68072658,FR3096336A1,23/05/2019,2019,0,0,0,1,0,0,0,0,0
967 505 967,68072658,BR102020010219A2,21/05/2020,2020,0,0,0,0,1,0,0,0,0
967 505 967,68072658,US2020369313A1,26/05/2020,2020,0,0,0,0,1,0,0,0,0
967 505 967,68138553,BR102020016930A2,19/08/2020,2020,0,0,0,0,1,0,0,0,0
967 505 967,68138553,DE102020121825A1,20/08/2020,2020,0,0,0,0,1,0,0,0,0
967 505 967,68138553,FR3100051A1,20/08/2019,2019,0,0,0,1,0,0,0,0,0
967 505 967,68138553,US2021053608A1,20/08/2020,2020,0,0,0,0,1,0,0,0,0
967 505 967,68138553,FR3100051B1,20/08/2019,2019,0,0,0,1,0,0,0,0,0
967 505 967,68211053,FR3098482B1,12/07/2019,2019,0,0,0,1,0,0,0,0,0
967 505 967,68211053,BR102020014203A2,10/07/2020,2020,0,0,0,0,1,0,0,0,0
967 505 967,68211053,DE102020118277A1,10/07/2020,2020,0,0,0,0,1,0,0,0,0
967 505 967,68211053,FR3098482A1,12/07/2019,2019,0,0,0,1,0,0,0,0,0
967 505 967,68211053,US2021009188A1,13/07/2020,2020,0,0,0,0,1,0,0,0,0
967 505 967,68211054,US2021009187A1,13/07/2020,2020,0,0,0,0,1,0,0,0,0
967 505 967,68211054,US11161540B2,13/07/2020,2020,0,0,0,0,1,0,0,0,0
967 505 967,68211054,DE102020117865A1,07/07/2020,2020,0,0,0,0,1,0,0,0,0
967 505 967,68211054,BR102020014198A2,10/07/2020,2020,0,0,0,0,1,0,0,0,0
967 505 967,68211054,FR3098483A1,12/07/2019,2019,0,0,0,1,0,0,0,0,0
967 505 967,68211054,FR3098483B1,12/07/2019,2019,0,0,0,1,0,0,0,0,0
967 505 967,68211090,US2021060835A1,31/08/2020,2020,0,0,0,0,1,0,0,0,0
967 505 967,68211090,BR102020017146A2,21/08/2020,2020,0,0,0,0,1,0,0,0,0
967 505 967,68211090,FR3100150B1,29/08/2019,2019,0,0,0,1,0,0,0,0,0
967 505 967,68211090,FR3100150A1,29/08/2019,2019,0,0,0,1,0,0,0,0,0
967 505 967,68211090,DE102020122229A1,25/08/2020,2020,0,0,0,0,1,0,0,0,0
967 505 967,68281655,FR3098183B1,02/07/2019,2019,0,0,0,1,0,0,0,0,0
967 505 967,68281655,DE102020117308A1,01/07/2020,2020,0,0,0,0,1,0,0,0,0
967 505 967,68281655,US2021001917A1,02/07/2020,2020,0,0,0,0,1,0,0,0,0
967 505 967,68281655,FR3098183A1,02/07/2019,2019,0,0,0,1,0,0,0,0,0
967 505 967,68281655,BR102020013533A2,01/07/2020,2020,0,0,0,0,1,0,0,0,0
971 509 070,68581946,WO2021009418A1,15/07/2020,2020,0,0,0,0,1,0,0,0,0
971 509 070,68581946,CA3142847A1,15/07/2020,2020,0,0,0,0,1,0,0,0,0
971 509 070,68581946,FR3098822A1,18/07/2019,2019,0,0,0,1,0,0,0,0,0
971 509 070,68581946,BR112021023567A2,15/07/2020,2020,0,0,0,0,1,0,0,0,0
971 509 070,68581946,US2022259346A1,15/07/2020,2020,0,0,0,0,1,0,0,0,0
971 509 070,68581946,KR20220035197A,15/07/2020,2020,0,0,0,0,1,0,0,0,0
971 509 070,68581946,EP3999600A1,15/07/2020,2020,0,0,0,0,1,0,0,0,0
971 509 070,68581946,FR3098822B1,18/07/2019,2019,0,0,0,1,0,0,0,0,0
971 509 070,68581952,EP3999568A1,08/07/2020,2020,0,0,0,0,1,0,0,0,0
971 509 070,68581952,FR3098820B1,19/07/2019,2019,0,0,0,1,0,0,0,0,0
971 509 070,68581952,US2022259384A1,08/07/2020,2020,0,0,0,0,1,0,0,0,0
971 509 070,68581952,WO2021014054A1,08/07/2020,2020,0,0,0,0,1,0,0,0,0
971 509 070,68581952,FR3098820A1,19/07/2019,2019,0,0,0,1,0,0,0,0,0
971 509 070,68733158,IL288428A,25/11/2021,2021,0,0,0,0,0,1,0,0,0
971 509 070,68733158,FR3097865B1,26/06/2019,2019,0,0,0,1,0,0,0,0,0
971 509 070,68733158,EP3990412A1,23/06/2020,2020,0,0,0,0,1,0,0,0,0
971 509 070,68733158,BR112021021855A2,23/06/2020,2020,0,0,0,0,1,0,0,0,0
971 509 070,68733158,CN114072434A,23/06/2020,2020,0,0,0,0,1,0,0,0,0
971 509 070,68733158,WO2020260776A1,23/06/2020,2020,0,0,0,0,1,0,0,0,0
971 509 070,68733158,FR3097865A1,26/06/2019,2019,0,0,0,1,0,0,0,0,0
950 020 180,69104534,FR3099042A1,23/07/2019,2019,0,0,0,1,0,0,0,0,0
950 020 180,69104534,DK3769676T3,20/07/2020,2020,0,0,0,0,1,0,0,0,0
950 020 180,69104534,ES2909708T3,20/07/2020,2020,0,0,0,0,1,0,0,0,0
950 020 180,69104534,EP3769676B1,20/07/2020,2020,0,0,0,0,1,0,0,0,0
950 020 180,69104534,EP3769676A1,20/07/2020,2020,0,0,0,0,1,0,0,0,0
967 505 967,69172966,FR3101060A1,25/09/2019,2019,0,0,0,1,0,0,0,0,0
967 505 967,69190856,BR102020014958A2,22/07/2020,2020,0,0,0,0,1,0,0,0,0
967 505 967,69190856,FR3099456B1,30/07/2019,2019,0,0,0,1,0,0,0,0,0
967 505 967,69190856,FR3099456A1,30/07/2019,2019,0,0,0,1,0,0,0,0,0
967 505 967,69190856,DE102020120010A1,29/07/2020,2020,0,0,0,0,1,0,0,0,0
967 505 967,69190856,US2021031825A1,30/07/2020,2020,0,0,0,0,1,0,0,0,0
967 505 967,69375474,FR3101598B1,04/10/2019,2019,0,0,0,1,0,0,0,0,0
967 505 967,69375474,WO2021064335A1,05/10/2020,2020,0,0,0,0,1,0,0,0,0
967 505 967,69375474,FR3101598A1,04/10/2019,2019,0,0,0,1,0,0,0,0,0
967 505 967,69375475,FR3101599A1,04/10/2019,2019,0,0,0,1,0,0,0,0,0
967 505 967,69630504,DE112020005841T5,24/11/2020,2020,0,0,0,0,1,0,0,0,0
967 505 967,69630504,FR3103721A1,28/11/2019,2019,0,0,0,1,0,0,0,0,0
967 505 967,69630504,FR3103721B1,28/11/2019,2019,0,0,0,1,0,0,0,0,0
967 505 967,69630504,WO2021105606A1,24/11/2020,2020,0,0,0,0,1,0,0,0,0
950 020 180,69699928,FR3099044A1,23/07/2019,2019,0,0,0,1,0,0,0,0,0
950 020 180,69699928,EP3769684A1,20/07/2020,2020,0,0,0,0,1,0,0,0,0
950 012 245,69700213,FR3104899A1,20/12/2019,2019,0,0,0,1,0,0,0,0,0
967 505 967,69743434,FR3103776A1,29/11/2019,2019,0,0,0,1,0,0,0,0,0
967 505 967,69743434,WO2021105632A1,26/11/2020,2020,0,0,0,0,1,0,0,0,0
967 505 967,69743434,DE112020005860T5,26/11/2020,2020,0,0,0,0,1,0,0,0,0
967 505 967,69903356,FR3103972B1,03/12/2019,2019,0,0,0,1,0,0,0,0,0
967 505 967,69903356,FR3103972A1,03/12/2019,2019,0,0,0,1,0,0,0,0,0
967 505 967,69903356,WO2021111079A1,02/12/2020,2020,0,0,0,0,1,0,0,0,0
967 505 967,69903356,DE112020005913T5,02/12/2020,2020,0,0,0,0,1,0,0,0,0
950 012 245,70008779,FR3104900A1,20/12/2019,2019,0,0,0,1,0,0,0,0,0
967 505 967,70154641,WO2021144525A1,11/01/2021,2021,0,0,0,0,0,1,0,0,0
967 505 967,70154641,FR3106120A1,13/01/2020,2020,0,0,0,0,1,0,0,0,0
967 505 967,70154737,FR3106804B1,04/02/2020,2020,0,0,0,0,1,0,0,0,0
967 505 967,70154737,WO2021156566A1,03/02/2021,2021,0,0,0,0,0,1,0,0,0
967 505 967,70154737,FR3106804A1,04/02/2020,2020,0,0,0,0,1,0,0,0,0
971 509 070,70456809,CN114449990A,28/09/2020,2020,0,0,0,0,1,0,0,0,0
971 509 070,70456809,EP4037636A1,28/09/2020,2020,0,0,0,0,1,0,0,0,0
971 509 070,70456809,KR20220075350A,28/09/2020,2020,0,0,0,0,1,0,0,0,0
971 509 070,70456809,WO2021064299A1,28/09/2020,2020,0,0,0,0,1,0,0,0,0
971 509 070,70456809,BR112022004356A2,28/09/2020,2020,0,0,0,0,1,0,0,0,0
971 509 070,70456809,FR3101247A1,30/09/2019,2019,0,0,0,1,0,0,0,0,0
971 509 070,70613917,FR3104587A1,16/12/2019,2019,0,0,0,1,0,0,0,0,0
971 509 070,70613917,CN114787228A,02/12/2020,2020,0,0,0,0,1,0,0,0,0
971 509 070,70613917,WO2021123513A1,02/12/2020,2020,0,0,0,0,1,0,0,0,0
971 509 070,70613917,FR3104587B1,16/12/2019,2019,0,0,0,1,0,0,0,0,0
971 509 070,70613918,FR3104594A1,16/12/2019,2019,0,0,0,1,0,0,0,0,0
971 509 070,70613918,WO2021123514A1,14/12/2020,2020,0,0,0,0,1,0,0,0,0
971 509 070,70613918,KR20220117212A,14/12/2020,2020,0,0,0,0,1,0,0,0,0
964 200 497,70613933,CA3162380A1,17/12/2020,2020,0,0,0,0,1,0,0,0,0
964 200 497,70613933,FR3104588A1,17/12/2019,2019,0,0,0,1,0,0,0,0,0
964 200 497,70613933,FR3104588B1,17/12/2019,2019,0,0,0,1,0,0,0,0,0
964 200 497,70613933,WO2021122924A1,17/12/2020,2020,0,0,0,0,1,0,0,0,0
971 509 070,70975719,EP3919459A1,01/06/2020,2020,0,0,0,0,1,0,0,0,0
967 505 967,71111568,FR3108450A1,19/03/2020,2020,0,0,0,0,1,0,0,0,0
967 505 967,71111568,WO2021186129A1,17/03/2021,2021,0,0,0,0,0,1,0,0,0
964 200 497,71452457,FR3109149B1,09/04/2020,2020,0,0,0,0,1,0,0,0,0
964 200 497,71452457,FR3109149A1,09/04/2020,2020,0,0,0,0,1,0,0,0,0
964 200 497,71452457,WO2021204942A1,08/04/2021,2021,0,0,0,0,0,1,0,0,0
950 012 245,71661906,FR3104901A1,20/12/2019,2019,0,0,0,1,0,0,0,0,0
967 505 967,71784266,FR3109993B1,11/05/2020,2020,0,0,0,0,1,0,0,0,0
967 505 967,71784266,FR3109993A1,11/05/2020,2020,0,0,0,0,1,0,0,0,0
967 505 967,71784266,WO2021229162A1,06/05/2021,2021,0,0,0,0,0,1,0,0,0
967 505 967,71894846,US2021031826A1,31/07/2020,2020,0,0,0,0,1,0,0,0,0
967 505 967,71894846,DE102020120136A1,30/07/2020,2020,0,0,0,0,1,0,0,0,0
967 505 967,71894846,FR3099454A1,31/07/2019,2019,0,0,0,1,0,0,0,0,0
967 505 967,71894846,FR3099454B1,31/07/2019,2019,0,0,0,1,0,0,0,0,0
967 505 967,71894846,BR102020014956A2,22/07/2020,2020,0,0,0,0,1,0,0,0,0
967 505 967,71894846,US11203376B2,31/07/2020,2020,0,0,0,0,1,0,0,0,0
967 505 967,71994595,FR3110134B1,13/05/2020,2020,0,0,0,0,1,0,0,0,0
967 505 967,71994595,WO2021229175A1,11/05/2021,2021,0,0,0,0,0,1,0,0,0
967 505 967,71994595,FR3110134A1,13/05/2020,2020,0,0,0,0,1,0,0,0,0
950 012 245,72644388,FR3111683B1,19/06/2020,2020,0,0,0,0,1,0,0,0,0
950 012 245,72644388,FR3111683A1,19/06/2020,2020,0,0,0,0,1,0,0,0,0
950 012 245,72644388,WO2021255284A1,18/06/2021,2021,0,0,0,0,0,1,0,0,0
971 509 070,72885595,FR3106990B1,06/02/2020,2020,0,0,0,0,1,0,0,0,0
971 509 070,72885595,FR3106990A1,06/02/2020,2020,0,0,0,0,1,0,0,0,0
971 509 070,72885595,CN114945536A,03/02/2021,2021,0,0,0,0,0,1,0,0,0
971 509 070,72885595,WO2021156551A1,03/02/2021,2021,0,0,0,0,0,1,0,0,0
967 505 967,72885680,FR3111866A1,25/06/2020,2020,0,0,0,0,1,0,0,0,0
967 505 967,72885781,FR3112834A1,27/07/2020,2020,0,0,0,0,1,0,0,0,0
967 505 967,73013675,WO2022023656A1,23/07/2021,2021,0,0,0,0,0,1,0,0,0
967 505 967,73013675,FR3113024B1,28/07/2020,2020,0,0,0,0,1,0,0,0,0
967 505 967,73013675,FR3113024A1,28/07/2020,2020,0,0,0,0,1,0,0,0,0
967 505 967,73138951,FR3113021A1,28/07/2020,2020,0,0,0,0,1,0,0,0,0
967 505 967,73401673,WO2022023649A1,21/07/2021,2021,0,0,0,0,0,1,0,0,0
967 505 967,73401673,FR3113025A1,30/07/2020,2020,0,0,0,0,1,0,0,0,0
971 509 070,73497886,WO2022023621A1,26/07/2021,2021,0,0,0,0,0,1,0,0,0
971 509 070,73497886,FR3112776A1,27/07/2020,2020,0,0,0,0,1,0,0,0,0
971 509 070,73497887,FR3112777A1,27/07/2020,2020,0,0,0,0,1,0,0,0,0
971 509 070,73497887,WO2022023623A1,26/07/2021,2021,0,0,0,0,0,1,0,0,0
971 509 070,73497888,WO2022023624A1,26/07/2021,2021,0,0,0,0,0,1,0,0,0
971 509 070,73497888,FR3112778A1,27/07/2020,2020,0,0,0,0,1,0,0,0,0
971 509 070,73497889,FR3112785A1,27/07/2020,2020,0,0,0,0,1,0,0,0,0
971 509 070,73497889,WO2022023625A1,26/07/2021,2021,0,0,0,0,0,1,0,0,0
971 509 070,73497890,FR3112786A1,27/07/2020,2020,0,0,0,0,1,0,0,0,0
971 509 070,73497890,WO2022023626A1,26/07/2021,2021,0,0,0,0,0,1,0,0,0
967 505 967,73497895,FR3113020A1,28/07/2020,2020,0,0,0,0,1,0,0,0,0
967 505 967,73497895,WO2022023657A1,23/07/2021,2021,0,0,0,0,0,1,0,0,0
967 505 967,73497895,FR3113020B1,28/07/2020,2020,0,0,0,0,1,0,0,0,0
901 786 756,73498016,WO2022063781A1,21/09/2021,2021,0,0,0,0,0,1,0,0,0
971 509 070,73698915,WO2022003261A1,29/06/2021,2021,0,0,0,0,0,1,0,0,0
971 509 070,73698915,FR3111893A1,30/06/2020,2020,0,0,0,0,1,0,0,0,0
971 509 070,74045563,WO2022029372A1,29/07/2021,2021,0,0,0,0,0,1,0,0,0
971 509 070,74045563,FR3113057A1,03/08/2020,2020,0,0,0,0,1,0,0,0,0
950 012 245,74141533,WO2021123390A2,18/12/2020,2020,0,0,0,0,1,0,0,0,0
950 012 245,74141533,AU2020407296A1,18/12/2020,2020,0,0,0,0,1,0,0,0,0
950 012 245,74141533,AU2020407296A2,18/12/2020,2020,0,0,0,0,1,0,0,0,0
950 012 245,74141533,WO2021123390A3,18/12/2020,2020,0,0,0,0,1,0,0,0,0
967 505 967,74206024,US2022144340A1,12/11/2021,2021,0,0,0,0,0,1,0,0,0
967 505 967,74206024,FR3116040A1,12/11/2020,2020,0,0,0,0,1,0,0,0,0
967 505 967,74206024,DE102021128825A1,05/11/2021,2021,0,0,0,0,0,1,0,0,0
957 503 642,74241749,FR3099363B3,30/07/2019,2019,0,0,0,1,0,0,0,0,0
957 503 642,74241749,FR3099363A3,30/07/2019,2019,0,0,0,1,0,0,0,0,0
967 505 967,74668964,FR3116039A1,12/11/2020,2020,0,0,0,0,1,0,0,0,0
967 505 967,74669110,US2022194463A1,23/12/2021,2021,0,0,0,0,0,1,0,0,0
967 505 967,74669110,DE102021134097A1,21/12/2021,2021,0,0,0,0,0,1,0,0,0
967 505 967,74669110,FR3118357A1,23/12/2020,2020,0,0,0,0,1,0,0,0,0
971 509 070,74860077,WO2022123127A1,07/12/2021,2021,0,0,0,0,0,1,0,0,0
971 509 070,74860077,FR3117116A1,09/12/2020,2020,0,0,0,0,1,0,0,0,0
964 200 497,74860084,FR3117484A1,11/12/2020,2020,0,0,0,0,1,0,0,0,0
964 200 497,74860084,WO2022123037A1,10/12/2021,2021,0,0,0,0,0,1,0,0,0
967 505 967,75108540,FR3119072A1,20/01/2021,2021,0,0,0,0,0,1,0,0,0
967 505 967,75108540,DE102022101046A1,18/01/2022,2022,0,0,0,0,0,0,1,0,0
967 505 967,75339889,DE102022101033A1,18/01/2022,2022,0,0,0,0,0,0,1,0,0
967 505 967,75339889,FR3118923A1,20/01/2021,2021,0,0,0,0,0,1,0,0,0
967 505 967,75339889,US2022232713A1,18/01/2022,2022,0,0,0,0,0,0,1,0,0
950 012 245,75954041,WO2022200148A1,16/03/2022,2022,0,0,0,0,0,0,1,0,0
950 012 245,75954041,FR3121010A1,24/03/2021,2021,0,0,0,0,0,1,0,0,0
964 200 497,76034688,FR3119166A1,25/01/2021,2021,0,0,0,0,0,1,0,0,0
964 200 497,76034688,WO2022157386A1,25/01/2022,2022,0,0,0,0,0,0,1,0,0
967 505 967,76375171,FR3121119A1,24/03/2021,2021,0,0,0,0,0,1,0,0,0
967 505 967,76375171,DE102022106161A1,16/03/2022,2022,0,0,0,0,0,0,1,0,0
967 505 967,76375171,US2022306190A1,08/03/2022,2022,0,0,0,0,0,0,1,0,0
973 504 509,76522987,FR3117771A1,23/12/2020,2020,0,0,0,0,1,0,0,0,0
971 509 070,76730915,WO2021234461A1,18/05/2021,2021,0,0,0,0,0,1,0,0,0
971 509 070,76807693,WO2022184985A1,04/03/2022,2022,0,0,0,0,0,0,1,0,0
971 509 070,76807693,FR3120307A1,05/03/2021,2021,0,0,0,0,0,1,0,0,0
971 509 070,78645580,CN113698140A,20/05/2020,2020,0,0,0,0,1,0,0,0,0
973 504 509,82932741,FR3119978A3,24/02/2021,2021,0,0,0,0,0,1,0,0,0
